0 0.11244019138755981 0.47058823529411764 0.08133971291866028 0.2647058823529411
0 0.18899521531100477 0.5147058823529411 0.06220095693779906 0.26470588235294124
0 0.2751196172248804 0.5588235294117647 0.062200956937799035 0.2647058823529412
0 0.33492822966507174 0.6029411764705883 0.06698564593301432 0.26470588235294124
0 0.4258373205741627 0.6544117647058822 0.0861244019138756 0.27941176470588236
0 0.5023923444976077 0.6764705882352942 0.06698564593301437 0.26470588235294124
0 0.6004784688995215 0.7205882352941176 0.062200956937799035 0.2647058823529411
0 0.6602870813397129 0.7426470588235294 0.05741626794258381 0.25
0 0.7200956937799043 0.7647058823529411 0.052631578947368474 0.23529411764705876
0 0.7822966507177034 0.786764705882353 0.062200956937799035 0.27941176470588236
