0 0.1774193548387097 0.4196428571428571 0.07096774193548386 0.37499999999999994
0 0.2548387096774194 0.4196428571428571 0.07096774193548389 0.37499999999999994
0 0.33225806451612905 0.4107142857142857 0.08387096774193548 0.3928571428571428
0 0.4129032258064516 0.42857142857142855 0.06451612903225812 0.3571428571428571
0 0.4870967741935484 0.4375 0.08387096774193548 0.375
0 0.5741935483870968 0.4553571428571429 0.07741935483870965 0.37500000000000006
0 0.6516129032258065 0.4553571428571429 0.07741935483870965 0.37500000000000006
0 0.7354838709677419 0.4642857142857143 0.06451612903225801 0.39285714285714285
0 0.8161290322580645 0.4642857142857143 0.08387096774193548 0.39285714285714285
0 0.8999999999999999 0.48214285714285715 0.08387096774193548 0.3928571428571429
