0 0.1556291390728477 0.3305084745762712 0.059602649006622516 0.22033898305084745
0 0.22185430463576158 0.3305084745762712 0.07284768211920528 0.22033898305084745
0 0.16225165562913907 0.6271186440677966 0.07284768211920528 0.23728813559322037
0 0.22516556291390727 0.6355932203389831 0.03973509933774835 0.22033898305084743
0 0.40397350993377484 0.5 0.0927152317880795 0.5254237288135593
0 0.4966887417218543 0.5084745762711864 0.07947019867549665 0.5423728813559322
0 0.5960264900662251 0.5084745762711864 0.039735099337748436 0.5423728813559322
0 0.6490066225165563 0.5169491525423728 0.039735099337748325 0.559322033898305
0 0.7350993377483444 0.5169491525423728 0.10596026490066224 0.559322033898305
0 0.8443708609271523 0.5254237288135593 0.11258278145695366 0.5423728813559322
