0 0.10180995475113122 0.5188679245283019 0.08597285067873305 0.5471698113207548
0 0.19457013574660634 0.5188679245283019 0.07239819004524889 0.5471698113207548
0 0.2986425339366516 0.5283018867924528 0.07239819004524883 0.5660377358490567
0 0.3846153846153846 0.5188679245283019 0.07239819004524889 0.5471698113207548
0 0.47737556561085975 0.5188679245283019 0.07692307692307698 0.5471698113207548
0 0.5588235294117647 0.5283018867924528 0.07692307692307687 0.5660377358490567
0 0.6515837104072398 0.5094339622641509 0.06334841628959276 0.5660377358490567
0 0.7398190045248869 0.5188679245283019 0.07692307692307698 0.5849056603773586
0 0.8303167420814479 0.5188679245283019 0.07692307692307698 0.5849056603773586
0 0.9140271493212669 0.5283018867924528 0.06334841628959276 0.5660377358490567
