0 0.4826388888888889 0.4166666666666667 0.09027777777777779 0.20175438596491235
0 0.5798611111111112 0.42543859649122806 0.10416666666666663 0.20175438596491224
0 0.7152777777777777 0.4385964912280702 0.09722222222222221 0.21052631578947373
0 0.8125 0.4429824561403509 0.09722222222222232 0.2017543859649123
0 0.3993055555555556 0.6447368421052632 0.09027777777777773 0.20175438596491224
0 0.4895833333333333 0.6491228070175439 0.10416666666666663 0.21052631578947367
0 0.6145833333333333 0.6622807017543859 0.07638888888888895 0.20175438596491235
0 0.6944444444444444 0.6754385964912281 0.09722222222222221 0.21052631578947367
0 0.7847222222222222 0.6842105263157895 0.08333333333333326 0.21052631578947367
0 0.8680555555555556 0.6973684210526316 0.09722222222222221 0.219298245614035
