0 0.19138755980861244 0.4879518072289157 0.06698564593301437 0.22891566265060248
0 0.2535885167464115 0.5060240963855422 0.06698564593301434 0.24096385542168675
0 0.3157894736842105 0.5180722891566265 0.04784688995215308 0.2409638554216867
0 0.3708133971291866 0.5301204819277108 0.05263157894736842 0.24096385542168675
0 0.430622009569378 0.536144578313253 0.06698564593301432 0.2530120481927711
0 0.5023923444976077 0.5542168674698795 0.07655502392344504 0.2409638554216867
0 0.6028708133971292 0.5783132530120482 0.0574162679425837 0.2409638554216868
0 0.69377990430622 0.5843373493975903 0.0574162679425837 0.25301204819277107
0 0.7511961722488039 0.5903614457831325 0.0574162679425837 0.2409638554216867
0 0.8110047846889952 0.6024096385542168 0.052631578947368474 0.24096385542168675
0 0.8660287081339713 0.6144578313253012 0.0574162679425837 0.2409638554216868
