0 0.12878787878787878 0.5163934426229508 0.07575757575757575 0.31147540983606553
0 0.1994949494949495 0.5163934426229508 0.06565656565656566 0.31147540983606553
0 0.3005050505050505 0.5245901639344263 0.06565656565656564 0.32786885245901637
0 0.40909090909090906 0.5245901639344263 0.08080808080808083 0.32786885245901637
0 0.494949494949495 0.5245901639344263 0.09090909090909094 0.32786885245901637
0 0.5808080808080809 0.5327868852459017 0.08080808080808077 0.3442622950819672
0 0.6893939393939394 0.5245901639344263 0.0757575757575758 0.32786885245901637
0 0.7601010101010102 0.5245901639344263 0.0757575757575758 0.32786885245901637
0 0.8333333333333334 0.5245901639344263 0.07070707070707072 0.32786885245901637
0 0.9040404040404041 0.5245901639344263 0.07070707070707072 0.32786885245901637
