0 0.11811023622047245 0.546875 0.06299212598425198 0.21875
0 0.1889763779527559 0.5546875 0.07874015748031496 0.203125
0 0.28346456692913385 0.5625 0.06299212598425197 0.21875
0 0.3582677165354331 0.5625 0.0708661417322835 0.1875
0 0.452755905511811 0.5546875 0.08661417322834647 0.203125
0 0.5354330708661417 0.5625 0.0944881889763779 0.21875
0 0.6220472440944882 0.5703125 0.06299212598425197 0.203125
0 0.6968503937007875 0.5703125 0.07086614173228345 0.203125
0 0.7795275590551181 0.5703125 0.06299212598425197 0.203125
0 0.8464566929133859 0.5703125 0.07086614173228345 0.203125
