0 0.059375000000000004 0.5344827586206897 0.08125 0.3497536945812808
0 0.14583333333333334 0.5369458128078818 0.07916666666666668 0.3448275862068966
0 0.23541666666666666 0.5492610837438423 0.0708333333333333 0.35960591133004927
0 0.3104166666666667 0.5566502463054187 0.0708333333333333 0.35467980295566504
0 0.38958333333333334 0.5566502463054187 0.0708333333333333 0.33497536945812806
0 0.45208333333333334 0.5492610837438423 0.050000000000000044 0.3300492610837439
0 0.5479166666666666 0.46798029556650245 0.025000000000000022 0.13793103448275862
0 0.5708333333333333 0.46798029556650245 0.02083333333333337 0.13793103448275862
0 0.6010416666666667 0.4704433497536946 0.039583333333333304 0.14285714285714285
0 0.634375 0.4802955665024631 0.03125 0.14285714285714285
0 0.6916666666666667 0.5566502463054187 0.0708333333333333 0.35467980295566504
0 0.765625 0.5689655172413793 0.06875000000000009 0.3103448275862069
0 0.8375 0.5689655172413793 0.0708333333333333 0.32019704433497537
0 0.9104166666666667 0.5665024630541872 0.06666666666666665 0.3448275862068965
0 0.18541666666666667 0.8201970443349754 0.05416666666666667 0.09359605911330049
0 0.24583333333333332 0.8251231527093597 0.05416666666666664 0.09359605911330049
0 0.3052083333333333 0.8251231527093597 0.052083333333333315 0.09359605911330049
0 0.3625 0.8251231527093597 0.054166666666666696 0.09359605911330049
0 0.4239583333333333 0.8300492610837439 0.060416666666666674 0.09359605911330049
0 0.4864583333333333 0.8251231527093597 0.06041666666666673 0.09359605911330049
0 0.55 0.8300492610837439 0.05833333333333335 0.08374384236453203
0 0.6520833333333333 0.8226600985221675 0.050000000000000044 0.09852216748768472
0 0.6989583333333333 0.8275862068965518 0.04791666666666661 0.08866995073891626
0 0.746875 0.8275862068965518 0.04791666666666672 0.08866995073891626
0 0.79375 0.8275862068965518 0.04999999999999993 0.08866995073891626
0 0.840625 0.8300492610837439 0.04791666666666672 0.08374384236453203
0 0.8885416666666667 0.8275862068965518 0.04791666666666661 0.08866995073891626
0 0.9229166666666666 0.8300492610837439 0.02083333333333337 0.08374384236453203
