0 0.1111111111111111 0.45360824742268036 0.07729468599033816 0.2474226804123711
0 0.18357487922705312 0.4639175257731959 0.06763285024154589 0.24742268041237114
0 0.2608695652173913 0.4742268041237113 0.09661835748792269 0.24742268041237114
0 0.3719806763285024 0.47938144329896903 0.048309178743961345 0.23711340206185566
0 0.4492753623188406 0.4896907216494845 0.048309178743961345 0.2371134020618556
0 0.5024154589371981 0.4896907216494845 0.05797101449275366 0.2371134020618556
0 0.606280193236715 0.5 0.07246376811594202 0.23711340206185572
0 0.7053140096618358 0.5051546391752577 0.048309178743961345 0.24742268041237114
0 0.7536231884057971 0.5154639175257731 0.048309178743961345 0.2474226804123711
0 0.8067632850241546 0.5154639175257731 0.05797101449275366 0.2474226804123711
0 0.8647342995169083 0.5154639175257731 0.05797101449275355 0.2474226804123711
