0 0.07983193277310924 0.4206349206349206 0.07563025210084033 0.42857142857142855
0 0.14285714285714285 0.4444444444444444 0.058823529411764705 0.4444444444444444
0 0.26050420168067223 0.4523809523809524 0.05042016806722688 0.46031746031746035
0 0.3172268907563025 0.46031746031746035 0.06302521008403361 0.4444444444444445
0 0.4684873949579832 0.49206349206349204 0.07983193277310924 0.47619047619047616
0 0.5483193277310925 0.5 0.0798319327731093 0.4603174603174603
0 0.6785714285714286 0.5238095238095238 0.0714285714285714 0.4444444444444445
0 0.7478991596638656 0.5396825396825397 0.0672268907563025 0.4444444444444444
0 0.8151260504201681 0.5317460317460317 0.0672268907563025 0.4603174603174603
0 0.884453781512605 0.5396825396825397 0.0714285714285714 0.4444444444444444
