0 0.1518987341772152 0.4807692307692307 0.08438818565400842 0.37179487179487175
0 0.2341772151898734 0.4807692307692307 0.08016877637130801 0.37179487179487175
0 0.3248945147679325 0.4935897435897436 0.06751054852320676 0.3717948717948718
0 0.4029535864978903 0.4935897435897436 0.07172995780590719 0.3717948717948718
0 0.4957805907172996 0.5 0.08016877637130804 0.3846153846153846
0 0.5822784810126582 0.4935897435897436 0.07594936708860756 0.3717948717948718
0 0.6814345991561181 0.5 0.07172995780590719 0.358974358974359
0 0.7552742616033755 0.5 0.06751054852320681 0.4102564102564103
0 0.8291139240506329 0.4935897435897436 0.07172995780590719 0.3717948717948718
0 0.8987341772151899 0.48717948717948717 0.05907172995780585 0.3589743589743589
