0 0.17491166077738518 0.4794520547945205 0.0812720848056537 0.5205479452054794
0 0.26325088339222613 0.4657534246575342 0.088339222614841 0.4931506849315068
0 0.3498233215547703 0.4657534246575342 0.06360424028268552 0.4931506849315068
0 0.4257950530035336 0.452054794520548 0.07420494699646646 0.4931506849315069
0 0.5106007067137809 0.4246575342465754 0.07420494699646646 0.4931506849315069
0 0.5954063604240283 0.410958904109589 0.08127208480565373 0.4931506849315068
0 0.6837455830388692 0.40410958904109584 0.06713780918727918 0.5068493150684932
0 0.7526501766784452 0.3904109589041096 0.06360424028268552 0.4794520547945205
0 0.823321554770318 0.3835616438356164 0.06360424028268552 0.4931506849315068
0 0.8939929328621908 0.363013698630137 0.06360424028268552 0.4794520547945205
