0 0.15771812080536912 0.6162790697674418 0.11409395973154363 0.3953488372093023
0 0.25838926174496646 0.5930232558139534 0.11409395973154363 0.3953488372093023
0 0.3523489932885906 0.5232558139534884 0.08724832214765099 0.39534883720930225
0 0.41946308724832215 0.5116279069767442 0.08724832214765099 0.37209302325581395
0 0.5067114093959731 0.4534883720930233 0.08724832214765099 0.39534883720930236
0 0.5906040268456376 0.43023255813953487 0.09395973154362414 0.39534883720930236
0 0.6812080536912751 0.36046511627906974 0.0738255033557047 0.3953488372093023
0 0.7516778523489933 0.3372093023255814 0.08053691275167785 0.39534883720930225
0 0.8154362416107382 0.3023255813953488 0.0738255033557047 0.37209302325581395
0 0.8791946308724832 0.27906976744186046 0.08053691275167785 0.37209302325581395
