0 0.1098981077147016 0.5816326530612245 0.09315866084425038 0.5374149659863945
0 0.20269286754002913 0.5782312925170068 0.0851528384279476 0.5238095238095238
0 0.31368267831149926 0.5782312925170068 0.05240174672489084 0.5102040816326531
0 0.3777292576419214 0.5782312925170068 0.06841339155749637 0.5238095238095238
0 0.4810771470160117 0.5629251700680272 0.08733624454148475 0.554421768707483
0 0.5738719068413392 0.5833333333333333 0.08369723435225618 0.5544217687074829
0 0.6837700145560408 0.5799319727891157 0.06186317321688495 0.5204081632653061
0 0.7514556040756915 0.5850340136054422 0.06040756914119361 0.5374149659863945
0 0.8169577874818049 0.5748299319727892 0.06768558951965065 0.5102040816326531
0 0.883551673944687 0.576530612244898 0.06113537117903922 0.5272108843537415
