0 0.3432203389830508 0.33544303797468356 0.11016949152542371 0.26582278481012656
0 0.44067796610169496 0.34177215189873417 0.1016949152542373 0.25316455696202533
0 0.597457627118644 0.34177215189873417 0.09322033898305082 0.25316455696202533
0 0.7033898305084746 0.34177215189873417 0.10169491525423724 0.25316455696202533
0 0.2754237288135593 0.6708860759493671 0.09322033898305082 0.25316455696202533
0 0.3728813559322034 0.6708860759493671 0.1016949152542373 0.25316455696202533
0 0.4788135593220339 0.6708860759493671 0.11016949152542377 0.25316455696202533
0 0.5847457627118644 0.6708860759493671 0.0847457627118644 0.25316455696202533
0 0.6864406779661016 0.6708860759493671 0.10169491525423735 0.25316455696202533
0 0.7796610169491525 0.6772151898734178 0.10169491525423735 0.2405063291139241
