0 0.21064814814814814 0.5 0.06944444444444445 0.35294117647058826
0 0.27546296296296297 0.5147058823529411 0.07870370370370372 0.3529411764705882
0 0.3425925925925926 0.5220588235294118 0.07407407407407407 0.338235294117647
0 0.40509259259259256 0.5367647058823529 0.06944444444444448 0.3676470588235294
0 0.47685185185185186 0.536764705882353 0.07407407407407401 0.3382352941176471
0 0.5439814814814815 0.5441176470588236 0.06944444444444442 0.3529411764705882
0 0.6180555555555556 0.5441176470588236 0.07870370370370372 0.3529411764705882
0 0.6967592592592593 0.5588235294117647 0.07870370370370372 0.3529411764705883
0 0.7662037037037037 0.5735294117647058 0.07870370370370372 0.35294117647058826
0 0.8425925925925926 0.5588235294117647 0.07407407407407407 0.3529411764705883
