0 0.18043478260869567 0.5508474576271186 0.09130434782608696 0.423728813559322
0 0.2630434782608696 0.5593220338983051 0.08260869565217394 0.44067796610169496
0 0.36086956521739133 0.5508474576271186 0.06086956521739134 0.423728813559322
0 0.42826086956521736 0.5593220338983051 0.07391304347826083 0.44067796610169496
0 0.5173913043478261 0.559322033898305 0.07826086956521738 0.4067796610169491
0 0.5847826086956521 0.5593220338983051 0.07391304347826089 0.44067796610169496
0 0.6521739130434783 0.5677966101694916 0.060869565217391286 0.42372881355932207
0 0.7434782608695651 0.5677966101694916 0.06956521739130428 0.42372881355932207
0 0.8065217391304348 0.576271186440678 0.0652173913043479 0.4406779661016949
0 0.8695652173913044 0.576271186440678 0.060869565217391286 0.4406779661016949
