0 0.07203389830508475 0.3076923076923077 0.09322033898305085 0.5641025641025641
0 0.1483050847457627 0.3076923076923077 0.07627118644067797 0.5641025641025641
0 0.25 0.3076923076923077 0.07627118644067798 0.5641025641025641
0 0.3220338983050848 0.3076923076923077 0.06779661016949151 0.5641025641025641
0 0.423728813559322 0.3076923076923077 0.0847457627118644 0.5641025641025641
0 0.4830508474576271 0.2948717948717949 0.06779661016949146 0.5384615384615384
0 0.5550847457627118 0.2948717948717949 0.07627118644067798 0.5384615384615384
0 0.6652542372881356 0.2948717948717949 0.07627118644067798 0.5384615384615384
0 0.7372881355932204 0.3076923076923077 0.0847457627118644 0.5641025641025641
0 0.8008474576271186 0.2948717948717949 0.07627118644067798 0.5384615384615384
0 0.8686440677966102 0.3076923076923077 0.07627118644067798 0.5641025641025641
