0 0.09006211180124224 0.38513513513513514 0.08074534161490683 0.22972972972972971
0 0.16459627329192544 0.4054054054054054 0.06832298136645962 0.21621621621621617
0 0.2546583850931677 0.41891891891891886 0.062111801242236 0.21621621621621617
0 0.3136645962732919 0.41891891891891886 0.05590062111801242 0.21621621621621617
0 0.40683229813664595 0.43243243243243246 0.06832298136645965 0.21621621621621623
0 0.4782608695652174 0.4527027027027027 0.0745341614906832 0.22972972972972971
0 0.5714285714285714 0.45945945945945943 0.06211180124223603 0.21621621621621617
0 0.6335403726708075 0.4729729729729729 0.06211180124223603 0.21621621621621617
0 0.6925465838509317 0.4864864864864865 0.06832298136645965 0.21621621621621623
0 0.7546583850931677 0.5 0.06832298136645965 0.21621621621621623
