0 0.06884057971014493 0.39705882352941174 0.10869565217391305 0.3529411764705882
0 0.15942028985507245 0.4338235294117647 0.10144927536231883 0.338235294117647
0 0.2427536231884058 0.45588235294117646 0.0797101449275362 0.3529411764705882
0 0.3115942028985508 0.4852941176470588 0.08695652173913043 0.3529411764705882
0 0.4094202898550725 0.5294117647058824 0.10869565217391303 0.35294117647058826
0 0.6340579710144928 0.5882352941176471 0.09420289855072461 0.3823529411764706
0 0.7101449275362319 0.6102941176470588 0.10144927536231885 0.3676470588235294
0 0.8007246376811594 0.625 0.10869565217391308 0.36764705882352944
0 0.8913043478260869 0.6470588235294118 0.10144927536231885 0.3823529411764706
0 0.4891304347826087 0.5367647058823529 0.1376811594202899 0.3676470588235294
