0 0.326797385620915 0.2594142259414226 0.08714596949891068 0.2594142259414226
0 0.4324618736383442 0.2594142259414226 0.10239651416122003 0.2510460251046025
0 0.5631808278867103 0.25732217573221755 0.0936819172113289 0.24686192468619247
0 0.6612200435729847 0.2573221757322176 0.0936819172113289 0.25523012552301255
0 0.7886710239651415 0.2615062761506276 0.08714596949891062 0.2552301255230126
0 0.8812636165577342 0.26359832635983266 0.07189542483660127 0.2594142259414226
0 0.3300653594771242 0.7112970711297071 0.17211328976034856 0.38493723849372385
0 0.5130718954248366 0.7071129707112971 0.15904139433551195 0.37656903765690375
0 0.696078431372549 0.7008368200836821 0.15468409586056642 0.38912133891213385
0 0.8779956427015251 0.7008368200836821 0.1655773420479303 0.38075313807531386
