0 0.21875 0.5888888888888889 0.109375 0.37777777777777777
0 0.29296875 0.5666666666666667 0.0859375 0.37777777777777777
0 0.37109375 0.5555555555555556 0.0703125 0.3555555555555555
0 0.42578125 0.5222222222222223 0.0703125 0.3333333333333333
0 0.484375 0.5 0.078125 0.37777777777777777
0 0.55078125 0.4666666666666667 0.0859375 0.3555555555555556
0 0.60546875 0.45555555555555555 0.0546875 0.33333333333333337
0 0.64453125 0.4444444444444444 0.0703125 0.35555555555555557
0 0.6953125 0.43333333333333335 0.0625 0.3333333333333333
0 0.7578125 0.39999999999999997 0.078125 0.3555555555555555
