0 0.10606060606060605 0.5208333333333333 0.060606060606060594 0.3472222222222222
0 0.19191919191919193 0.5208333333333333 0.07070707070707069 0.3472222222222222
0 0.2828282828282828 0.5138888888888888 0.07070707070707069 0.33333333333333337
0 0.3686868686868687 0.5208333333333333 0.07070707070707072 0.3472222222222222
0 0.46212121212121215 0.5208333333333333 0.06565656565656569 0.3472222222222222
0 0.5454545454545454 0.5208333333333333 0.07070707070707072 0.3472222222222222
0 0.6439393939393939 0.5277777777777778 0.07575757575757569 0.36111111111111116
0 0.7247474747474747 0.5208333333333333 0.0757575757575758 0.3472222222222222
0 0.803030303030303 0.5277777777777778 0.0505050505050505 0.36111111111111116
0 0.8888888888888888 0.5277777777777778 0.07070707070707072 0.36111111111111116
