0 0.10945273631840796 0.4596774193548387 0.06965174129353235 0.4032258064516129
0 0.1890547263681592 0.4596774193548387 0.06965174129353235 0.4032258064516129
0 0.2885572139303483 0.4596774193548387 0.04975124378109452 0.4032258064516129
0 0.36318407960199006 0.4596774193548387 0.06965174129353235 0.4032258064516129
0 0.44776119402985076 0.4596774193548387 0.06965174129353235 0.4032258064516129
0 0.5298507462686567 0.45161290322580644 0.06467661691542287 0.4193548387096774
0 0.6169154228855722 0.4596774193548387 0.06965174129353235 0.4032258064516129
0 0.7014925373134329 0.46774193548387094 0.06965174129353235 0.3870967741935484
0 0.7761194029850746 0.46774193548387094 0.06965174129353235 0.3870967741935484
0 0.8606965174129353 0.4758064516129032 0.06965174129353235 0.4032258064516129
