0 0.16113161131611317 0.6401673640167365 0.07380073800738009 0.42677824267782427
0 0.24723247232472323 0.606694560669456 0.08856088560885608 0.4351464435146443
0 0.3585485854858549 0.5502092050209205 0.06519065190651901 0.41422594142259417
0 0.4261992619926199 0.5188284518828452 0.06519065190651907 0.4184100418410042
0 0.513530135301353 0.46234309623430964 0.06273062730627299 0.40585774058577406
0 0.5836408364083641 0.4330543933054394 0.06519065190651907 0.397489539748954
0 0.6758917589175892 0.3912133891213389 0.05781057810578105 0.38912133891213385
0 0.7287822878228782 0.36192468619246865 0.05535055350553497 0.37238493723849375
0 0.7816728167281672 0.3305439330543933 0.052890528905289114 0.36820083682008364
0 0.8284132841328413 0.31799163179916323 0.052890528905289 0.3765690376569038
