0 0.14 0.5240963855421686 0.09333333333333334 0.25301204819277107
0 0.2311111111111111 0.5 0.08888888888888888 0.2530120481927711
0 0.33555555555555555 0.4819277108433735 0.05777777777777782 0.2650602409638554
0 0.4066666666666666 0.463855421686747 0.07555555555555554 0.2530120481927711
0 0.5 0.4518072289156626 0.0755555555555556 0.25301204819277107
0 0.5733333333333334 0.43975903614457834 0.07111111111111112 0.2530120481927711
0 0.6377777777777778 0.43975903614457834 0.06666666666666665 0.2530120481927711
0 0.7333333333333334 0.42168674698795183 0.07111111111111101 0.26506024096385544
0 0.7933333333333333 0.41566265060240964 0.06666666666666665 0.27710843373493976
0 0.8555555555555555 0.4036144578313253 0.06666666666666665 0.2530120481927711
