0 0.18604651162790697 0.5084745762711864 0.07751937984496124 0.23728813559322032
0 0.2596899224806202 0.5169491525423728 0.06976744186046513 0.22033898305084743
0 0.3488372093023256 0.5254237288135593 0.06201550387596899 0.23728813559322026
0 0.4108527131782946 0.5254237288135593 0.06201550387596899 0.23728813559322026
0 0.5038759689922481 0.5423728813559322 0.062015503875968936 0.23728813559322037
0 0.5813953488372092 0.5423728813559322 0.07751937984496127 0.23728813559322037
0 0.6899224806201549 0.5508474576271186 0.06201550387596899 0.22033898305084748
0 0.7558139534883721 0.5508474576271186 0.054263565891472854 0.22033898305084748
0 0.8139534883720929 0.559322033898305 0.06201550387596899 0.23728813559322032
0 0.8682170542635659 0.5677966101694916 0.04651162790697683 0.25423728813559326
