0 0.12244897959183673 0.5641025641025641 0.08163265306122448 0.4615384615384615
0 0.20748299319727892 0.5384615384615385 0.08843537414965988 0.46153846153846156
0 0.30272108843537415 0.5128205128205128 0.07482993197278909 0.46153846153846156
0 0.38095238095238093 0.5128205128205128 0.06802721088435376 0.46153846153846156
0 0.47959183673469385 0.46153846153846156 0.07482993197278914 0.4615384615384615
0 0.554421768707483 0.46153846153846156 0.08843537414965985 0.4615384615384615
0 0.6496598639455782 0.4230769230769231 0.07482993197278909 0.4871794871794871
0 0.7210884353741496 0.4102564102564103 0.0680272108843537 0.46153846153846156
0 0.7959183673469388 0.3717948717948718 0.06802721088435382 0.4871794871794872
0 0.8741496598639455 0.358974358974359 0.061224489795918324 0.46153846153846156
