0 0.09322033898305085 0.5 0.07344632768361581 0.3220338983050848
0 0.17231638418079095 0.5 0.07344632768361581 0.3220338983050848
0 0.2598870056497175 0.5084745762711864 0.06779661016949154 0.3050847457627119
0 0.3389830508474576 0.5084745762711864 0.05649717514124292 0.3389830508474576
0 0.4322033898305085 0.5084745762711864 0.062146892655367214 0.3389830508474576
0 0.5056497175141244 0.5169491525423728 0.06214689265536727 0.3220338983050847
0 0.6045197740112994 0.5254237288135594 0.06779661016949157 0.33898305084745767
0 0.6779661016949152 0.5338983050847458 0.06779661016949157 0.3559322033898305
0 0.748587570621469 0.5169491525423728 0.062146892655367214 0.3220338983050847
0 0.8248587570621468 0.5254237288135594 0.06779661016949146 0.33898305084745767
