0 0.15432098765432098 0.5510204081632653 0.1111111111111111 0.4081632653061224
0 0.24074074074074073 0.5204081632653061 0.08641975308641975 0.38775510204081637
0 0.33024691358024694 0.4897959183673469 0.08024691358024688 0.36734693877551017
0 0.3919753086419753 0.4591836734693877 0.06790123456790126 0.38775510204081626
0 0.4691358024691358 0.41836734693877553 0.07407407407407413 0.3877551020408163
0 0.5339506172839505 0.40816326530612246 0.0679012345679012 0.40816326530612246
0 0.617283950617284 0.36734693877551017 0.061728395061728336 0.36734693877551017
0 0.6728395061728395 0.35714285714285715 0.06172839506172845 0.34693877551020413
0 0.7191358024691358 0.3469387755102041 0.05555555555555558 0.3673469387755103
0 0.7993827160493827 0.3163265306122449 0.08024691358024683 0.3877551020408163
