0 0.18181818181818182 0.491304347826087 0.057416267942583726 0.2347826086956522
0 0.2416267942583732 0.5043478260869565 0.07177033492822968 0.24347826086956526
0 0.3253588516746412 0.5217391304347826 0.06698564593301432 0.2260869565217391
0 0.3923444976076555 0.5304347826086957 0.06698564593301437 0.2434782608695652
0 0.47607655502392343 0.5565217391304348 0.062200956937799035 0.2434782608695652
0 0.5382775119617225 0.5652173913043479 0.0717703349282297 0.24347826086956526
0 0.631578947368421 0.5869565217391305 0.06698564593301437 0.2347826086956522
0 0.7057416267942584 0.6043478260869566 0.0717703349282296 0.25217391304347825
0 0.7583732057416268 0.6130434782608696 0.0430622009569378 0.2521739130434782
0 0.8133971291866029 0.6260869565217391 0.06698564593301437 0.26086956521739124
