0 0.06428571428571428 0.48314606741573035 0.0619047619047619 0.2247191011235955
0 0.12380952380952381 0.48314606741573035 0.05714285714285716 0.2247191011235955
0 0.1761904761904762 0.48314606741573035 0.047619047619047616 0.2247191011235955
0 0.2261904761904762 0.48314606741573035 0.05238095238095236 0.2247191011235955
0 0.3023809523809524 0.48314606741573035 0.05238095238095236 0.2247191011235955
0 0.3595238095238095 0.48876404494382025 0.06190476190476191 0.2359550561797753
0 0.4642857142857143 0.48876404494382025 0.05238095238095236 0.2359550561797753
0 0.5190476190476191 0.48314606741573035 0.05714285714285722 0.2247191011235955
0 0.580952380952381 0.4943820224719101 0.06666666666666665 0.22471910112359555
0 0.6404761904761904 0.4943820224719101 0.052380952380952306 0.22471910112359555
0 0.7476190476190476 0.48314606741573035 0.04761904761904767 0.2247191011235955
0 0.7976190476190477 0.48314606741573035 0.052380952380952306 0.2471910112359551
0 0.8476190476190476 0.4943820224719101 0.04761904761904767 0.247191011235955
0 0.8952380952380953 0.4943820224719101 0.05714285714285716 0.22471910112359555
