0 0.18452380952380953 0.5384615384615384 0.07142857142857142 0.4230769230769231
0 0.25892857142857145 0.5288461538461539 0.0654761904761905 0.4038461538461538
0 0.33630952380952384 0.5192307692307693 0.06547619047619052 0.38461538461538464
0 0.41369047619047616 0.5192307692307693 0.07738095238095238 0.38461538461538464
0 0.48809523809523814 0.5192307692307692 0.07142857142857145 0.423076923076923
0 0.5625 0.5 0.06547619047619047 0.3846153846153846
0 0.6369047619047619 0.49038461538461536 0.07142857142857151 0.40384615384615385
0 0.7113095238095238 0.4903846153846154 0.06547619047619047 0.3653846153846154
0 0.7827380952380952 0.47115384615384615 0.06547619047619047 0.4038461538461539
0 0.8601190476190477 0.4807692307692308 0.06547619047619058 0.3846153846153847
