0 0.2891304347826087 0.24825174825174826 0.12608695652173915 0.23076923076923078
0 0.4217391304347826 0.24825174825174826 0.13043478260869568 0.23076923076923078
0 0.6065217391304347 0.2517482517482518 0.10869565217391297 0.22377622377622378
0 0.7195652173913043 0.25524475524475526 0.10869565217391297 0.23076923076923075
0 0.09782608695652174 0.6853146853146853 0.1782608695652174 0.3076923076923077
0 0.508695652173913 0.6923076923076923 0.14782608695652172 0.3076923076923077
0 0.28260869565217395 0.6853146853146853 0.1565217391304348 0.3076923076923077
0 0.6369565217391304 0.6853146853146853 0.09130434782608687 0.3076923076923077
0 0.7760869565217392 0.6923076923076923 0.12608695652173918 0.3076923076923077
0 0.9086956521739131 0.6888111888111887 0.13043478260869568 0.3146853146853147
