0 0.15492957746478872 0.34615384615384615 0.08450704225352111 0.23076923076923078
0 0.23943661971830987 0.36923076923076925 0.08450704225352115 0.2769230769230769
0 0.3028169014084507 0.41538461538461535 0.07042253521126762 0.2461538461538461
0 0.3732394366197183 0.4461538461538461 0.07042253521126762 0.2461538461538461
0 0.4507042253521127 0.48461538461538467 0.08450704225352113 0.26153846153846155
0 0.528169014084507 0.5076923076923077 0.07042253521126762 0.2461538461538461
0 0.6056338028169015 0.5538461538461539 0.08450704225352113 0.24615384615384617
0 0.6901408450704225 0.5923076923076923 0.08450704225352113 0.2615384615384615
0 0.7746478873239437 0.6307692307692307 0.08450704225352113 0.24615384615384617
0 0.8732394366197183 0.6615384615384616 0.08450704225352113 0.27692307692307694
