0 0.125 0.6326530612244898 0.08333333333333333 0.2448979591836734
0 0.2 0.6326530612244898 0.08333333333333334 0.2448979591836734
0 0.29583333333333334 0.6326530612244898 0.05833333333333335 0.2448979591836734
0 0.35416666666666663 0.6122448979591837 0.07500000000000001 0.24489795918367352
0 0.45833333333333337 0.6224489795918368 0.08333333333333331 0.22448979591836737
0 0.5333333333333333 0.6326530612244898 0.08333333333333331 0.2448979591836734
0 0.6499999999999999 0.6122448979591837 0.08333333333333337 0.24489795918367352
0 0.7208333333333333 0.6224489795918368 0.07499999999999996 0.22448979591836737
0 0.7958333333333334 0.6224489795918368 0.07500000000000007 0.22448979591836737
0 0.8666666666666667 0.6122448979591837 0.06666666666666665 0.24489795918367352
