0 0.13636363636363635 0.5086206896551724 0.11363636363636363 0.36206896551724144
0 0.24431818181818182 0.5086206896551724 0.10227272727272729 0.36206896551724144
0 0.3494318181818182 0.5086206896551724 0.07386363636363635 0.3275862068965517
0 0.42613636363636365 0.5086206896551724 0.07954545454545453 0.3275862068965517
0 0.5170454545454546 0.5 0.09090909090909088 0.3448275862068966
0 0.6136363636363636 0.5172413793103449 0.10227272727272729 0.3448275862068966
0 0.7045454545454546 0.5086206896551724 0.06818181818181823 0.3275862068965517
0 0.7755681818181819 0.5172413793103449 0.07386363636363635 0.3448275862068966
0 0.8465909090909092 0.5086206896551724 0.06818181818181823 0.3275862068965517
0 0.9090909090909092 0.5 0.06818181818181823 0.3448275862068966
