0 0.2640845070422535 0.46875 0.04929577464788734 0.1875
0 0.31338028169014087 0.46875 0.049295774647887314 0.22916666666666669
0 0.397887323943662 0.46875 0.03521126760563381 0.22916666666666669
0 0.4401408450704225 0.4791666666666667 0.049295774647887314 0.20833333333333337
0 0.33098591549295775 0.6979166666666666 0.05633802816901412 0.1875
0 0.38380281690140844 0.6979166666666667 0.06338028169014087 0.22916666666666663
0 0.5492957746478873 0.5833333333333334 0.07042253521126762 0.3333333333333333
0 0.6161971830985915 0.6041666666666667 0.07746478873239437 0.33333333333333337
0 0.693661971830986 0.6041666666666667 0.07746478873239437 0.33333333333333337
0 0.7605633802816902 0.59375 0.07042253521126762 0.3125
