0 0.21782178217821782 0.5390625 0.07920792079207922 0.390625
0 0.2920792079207921 0.5390625 0.06930693069306931 0.390625
0 0.3688118811881188 0.5390625 0.06435643564356436 0.390625
0 0.443069306930693 0.53125 0.06435643564356436 0.40625
0 0.5173267326732673 0.5234375 0.06435643564356441 0.390625
0 0.5940594059405941 0.5390625 0.06930693069306926 0.421875
0 0.6707920792079207 0.53125 0.07425742574257421 0.375
0 0.745049504950495 0.5234375 0.06435643564356441 0.390625
0 0.8118811881188119 0.5234375 0.07920792079207917 0.390625
0 0.8910891089108911 0.515625 0.05940594059405946 0.40625
