0 0.1646090534979424 0.4675925925925926 0.08230452674897121 0.2870370370370371
0 0.2448559670781893 0.4722222222222222 0.07818930041152261 0.2962962962962963
0 0.3292181069958848 0.46759259259259256 0.06584362139917699 0.3055555555555555
0 0.40329218106995884 0.46759259259259256 0.07407407407407407 0.26851851851851855
0 0.48765432098765427 0.462962962962963 0.06995884773662547 0.29629629629629634
0 0.5699588477366255 0.462962962962963 0.07818930041152261 0.29629629629629634
0 0.6522633744855967 0.45833333333333337 0.07818930041152261 0.28703703703703703
0 0.7283950617283951 0.4537037037037037 0.06584362139917688 0.27777777777777773
0 0.8106995884773662 0.4537037037037037 0.07407407407407407 0.27777777777777773
0 0.8930041152263375 0.4537037037037037 0.07407407407407407 0.2962962962962963
