0 0.20652173913043478 0.5158730158730158 0.06521739130434784 0.33333333333333337
0 0.27445652173913043 0.5158730158730158 0.05978260869565219 0.33333333333333337
0 0.34782608695652173 0.5158730158730158 0.06521739130434784 0.33333333333333337
0 0.4184782608695652 0.5238095238095238 0.06521739130434784 0.3174603174603175
0 0.48641304347826086 0.5158730158730158 0.05978260869565216 0.33333333333333337
0 0.5543478260869565 0.5158730158730158 0.0652173913043479 0.33333333333333337
0 0.6304347826086956 0.5079365079365079 0.06521739130434778 0.31746031746031744
0 0.6983695652173914 0.5158730158730158 0.05978260869565222 0.33333333333333337
0 0.7690217391304348 0.5158730158730158 0.07065217391304346 0.33333333333333337
0 0.842391304347826 0.5079365079365079 0.05434782608695654 0.31746031746031744
