0 0.19444444444444442 0.7142857142857143 0.06944444444444445 0.1428571428571428
0 0.2673611111111111 0.7142857142857143 0.07638888888888892 0.1428571428571428
0 0.35416666666666663 0.7053571428571429 0.055555555555555525 0.125
0 0.4201388888888889 0.7053571428571429 0.0625 0.125
0 0.5104166666666667 0.7053571428571428 0.07638888888888895 0.1607142857142857
0 0.5868055555555556 0.7053571428571428 0.07638888888888884 0.1607142857142857
0 0.6701388888888888 0.7053571428571428 0.0625 0.1607142857142857
0 0.7326388888888888 0.7053571428571428 0.0625 0.1607142857142857
0 0.7881944444444444 0.6964285714285714 0.0625 0.1785714285714286
0 0.8506944444444444 0.7053571428571428 0.0625 0.1607142857142857
