0 0.20242214532871972 0.5416666666666666 0.09342560553633217 0.5595238095238095
0 0.29238754325259514 0.5416666666666667 0.08650519031141868 0.5357142857142857
0 0.38581314878892736 0.5476190476190477 0.051903114186851174 0.5238095238095238
0 0.46193771626297575 0.5476190476190477 0.08650519031141868 0.5238095238095238
0 0.5380622837370242 0.5535714285714286 0.0726643598615917 0.5119047619047619
0 0.6211072664359862 0.5654761904761905 0.07958477508650519 0.5119047619047619
0 0.6955017301038062 0.5595238095238095 0.0692041522491349 0.5
0 0.7647058823529411 0.5476190476190477 0.06228373702422141 0.47619047619047616
0 0.8373702422145328 0.5535714285714286 0.06920415224913501 0.5119047619047619
0 0.8996539792387543 0.5416666666666667 0.0692041522491349 0.511904761904762
