0 0.13138686131386862 0.532258064516129 0.08759124087591241 0.2258064516129032
0 0.20802919708029197 0.532258064516129 0.08029197080291972 0.1935483870967742
0 0.291970802919708 0.5241935483870968 0.07299270072992697 0.1774193548387097
0 0.354014598540146 0.5161290322580645 0.08029197080291972 0.1935483870967742
0 0.44160583941605835 0.5161290322580645 0.06569343065693428 0.1935483870967742
0 0.5072992700729927 0.5 0.06569343065693434 0.19354838709677424
0 0.5875912408759124 0.5161290322580645 0.06569343065693434 0.1935483870967742
0 0.6532846715328468 0.5 0.06569343065693434 0.19354838709677424
0 0.718978102189781 0.5 0.06569343065693423 0.19354838709677424
0 0.781021897810219 0.5 0.058394160583941646 0.19354838709677424
