0 0.36278195488721804 0.39714285714285713 0.15413533834586468 0.36000000000000004
0 0.4849624060150376 0.3 0.12030075187969924 0.36
0 0.5789473684210527 0.22285714285714286 0.15037593984962405 0.34285714285714286
0 0.6842105263157895 0.14285714285714288 0.11278195488721798 0.2742857142857143
0 0.35902255639097747 0.8514285714285714 0.1766917293233083 0.29714285714285715
0 0.4755639097744361 0.7914285714285714 0.1766917293233083 0.39428571428571424
0 0.5657894736842106 0.6942857142857143 0.11654135338345861 0.37142857142857144
0 0.6804511278195489 0.5857142857142857 0.1578947368421053 0.3485714285714286
0 0.7857142857142858 0.5114285714285715 0.13533834586466165 0.3257142857142857
0 0.8834586466165413 0.41428571428571426 0.1278195488721804 0.33714285714285713
