0 0.2048611111111111 0.45744680851063824 0.0763888888888889 0.40425531914893614
0 0.2777777777777778 0.4787234042553191 0.08333333333333331 0.36170212765957444
0 0.35416666666666663 0.44680851063829785 0.06944444444444448 0.3829787234042554
0 0.4305555555555556 0.46808510638297873 0.06944444444444448 0.38297872340425526
0 0.5034722222222222 0.46808510638297873 0.07638888888888884 0.38297872340425526
0 0.5763888888888888 0.4787234042553191 0.06944444444444453 0.40425531914893614
0 0.6527777777777778 0.48936170212765956 0.06944444444444442 0.3829787234042553
0 0.7222222222222222 0.4787234042553191 0.06944444444444442 0.36170212765957444
0 0.7916666666666666 0.48936170212765956 0.06944444444444442 0.3829787234042553
0 0.8645833333333333 0.48936170212765956 0.07638888888888895 0.3829787234042553
