0 0.16129032258064516 0.49264705882352944 0.0774193548387097 0.2794117647058823
0 0.23548387096774193 0.5 0.08387096774193548 0.29411764705882354
0 0.3096774193548387 0.5 0.07741935483870965 0.2647058823529411
0 0.3870967741935484 0.5073529411764706 0.06451612903225806 0.27941176470588236
0 0.4612903225806452 0.5073529411764706 0.07096774193548389 0.27941176470588236
0 0.5387096774193548 0.5073529411764706 0.07096774193548394 0.27941176470588236
0 0.6193548387096774 0.5073529411764706 0.07741935483870965 0.27941176470588236
0 0.6967741935483871 0.5220588235294117 0.06451612903225801 0.27941176470588236
0 0.764516129032258 0.5220588235294117 0.08387096774193548 0.27941176470588236
0 0.8451612903225807 0.5294117647058824 0.06451612903225812 0.2941176470588236
