0 0.11949685534591195 0.5192307692307692 0.07547169811320754 0.423076923076923
0 0.19811320754716982 0.5096153846153846 0.08176100628930819 0.4423076923076923
0 0.2893081761006289 0.5096153846153846 0.07547169811320753 0.40384615384615385
0 0.37421383647798745 0.5 0.08176100628930821 0.42307692307692313
0 0.46226415094339623 0.5 0.08176100628930816 0.42307692307692313
0 0.5440251572327044 0.5 0.0691823899371069 0.42307692307692313
0 0.6320754716981132 0.5096153846153846 0.08176100628930816 0.40384615384615385
0 0.720125786163522 0.5096153846153846 0.08176100628930827 0.4423076923076923
0 0.8050314465408805 0.5 0.08805031446540879 0.42307692307692313
0 0.889937106918239 0.5 0.05660377358490565 0.42307692307692313
