0 0.10433604336043362 0.5782608695652174 0.07859078590785908 0.3565217391304347
0 0.1897018970189702 0.5956521739130435 0.08130081300813008 0.3565217391304348
0 0.29268292682926833 0.6086956521739131 0.04878048780487804 0.33043478260869563
0 0.36720867208672087 0.6173913043478261 0.07317073170731703 0.34782608695652173
0 0.47560975609756095 0.6304347826086957 0.07859078590785912 0.37391304347826093
0 0.5663956639566395 0.6478260869565218 0.08130081300813008 0.3739130434782608
0 0.6842818428184282 0.6652173913043478 0.0677506775067751 0.3391304347826086
0 0.7615176151761518 0.6739130434782609 0.07046070460704612 0.3565217391304347
0 0.8401084010840109 0.691304347826087 0.07046070460704601 0.33913043478260874
0 0.9173441734417345 0.7043478260869566 0.06775067750677499 0.34782608695652173
