0 0.17437722419928825 0.48 0.07117437722419928 0.3733333333333333
0 0.24911032028469754 0.48 0.07117437722419931 0.3733333333333333
0 0.3274021352313167 0.48 0.07117437722419928 0.3733333333333333
0 0.4092526690391459 0.48 0.07117437722419928 0.3733333333333333
0 0.48398576512455516 0.48 0.07117437722419928 0.3733333333333333
0 0.5622775800711743 0.4866666666666667 0.07117437722419928 0.3866666666666667
0 0.6441281138790036 0.48 0.05693950177935947 0.3733333333333333
0 0.7188612099644128 0.48 0.07117437722419928 0.3733333333333333
0 0.797153024911032 0.48 0.07117437722419928 0.3733333333333333
0 0.8736654804270463 0.48 0.06761565836298933 0.3733333333333333
