0 0.1377551020408163 0.4528301886792453 0.07142857142857142 0.2641509433962264
0 0.20918367346938777 0.4716981132075472 0.07142857142857142 0.22641509433962265
0 0.27040816326530615 0.4811320754716981 0.07142857142857142 0.24528301886792453
0 0.34183673469387754 0.4811320754716981 0.0714285714285714 0.24528301886792453
0 0.4285714285714286 0.5 0.06122448979591838 0.24528301886792447
0 0.596938775510204 0.5283018867924528 0.07142857142857151 0.2264150943396226
0 0.4948979591836735 0.5188679245283019 0.07142857142857145 0.24528301886792447
0 0.8010204081632653 0.5471698113207547 0.07142857142857151 0.2264150943396226
0 0.6632653061224489 0.5377358490566038 0.061224489795918324 0.24528301886792447
0 0.7295918367346939 0.5471698113207547 0.0714285714285714 0.2264150943396226
