0 0.3853503184713376 0.2702702702702703 0.1210191082802548 0.16216216216216217
0 0.49044585987261147 0.25675675675675674 0.10191082802547768 0.16216216216216214
0 0.5987261146496815 0.24324324324324326 0.08917197452229297 0.16216216216216217
0 0.6815286624203821 0.23648648648648649 0.08917197452229297 0.14864864864864863
0 0.7929936305732485 0.22297297297297297 0.08280254777070062 0.14864864864864866
0 0.8757961783439491 0.22297297297297297 0.09554140127388533 0.14864864864864866
0 0.410828025477707 0.5608108108108107 0.18471337579617836 0.3648648648648648
0 0.589171974522293 0.5337837837837838 0.1719745222929936 0.3378378378378379
0 0.7675159235668789 0.5135135135135135 0.1719745222929937 0.3513513513513513
0 0.9076433121019108 0.5067567567567568 0.10828025477707004 0.33783783783783783
