0 0.337378640776699 0.2755102040816327 0.13106796116504854 0.38775510204081637
0 0.46116504854368934 0.2755102040816327 0.1262135922330097 0.38775510204081637
0 0.6699029126213591 0.2602040816326531 0.12621359223300976 0.37755102040816324
0 0.7961165048543689 0.2653061224489796 0.10679611650485432 0.3673469387755102
0 0.2669902912621359 0.7397959183673469 0.08737864077669899 0.29591836734693877
0 0.3713592233009709 0.7397959183673469 0.09223300970873782 0.3163265306122449
0 0.4830097087378641 0.6785714285714286 0.11165048543689321 0.3979591836734694
0 0.6116504854368932 0.6887755102040816 0.10679611650485443 0.3979591836734694
0 0.7427184466019418 0.6836734693877551 0.11650485436893199 0.3877551020408163
0 0.8640776699029127 0.673469387755102 0.1165048543689321 0.3877551020408163
