0 0.3283261802575107 0.34765625 0.12446351931330474 0.3828125
0 0.4678111587982833 0.35546875 0.12017167381974247 0.3828125
0 0.6115879828326181 0.32421875 0.12446351931330468 0.3671875
0 0.7532188841201717 0.34375 0.11587982832618027 0.359375
0 0.1759656652360515 0.76171875 0.12017167381974249 0.3828125
0 0.3240343347639485 0.75390625 0.12446351931330468 0.3828125
0 0.4699570815450644 0.75390625 0.12446351931330468 0.3671875
0 0.6137339055793991 0.74609375 0.12017167381974247 0.3828125
0 0.7532188841201717 0.74609375 0.11587982832618027 0.3671875
0 0.8905579399141631 0.7421875 0.10729613733905574 0.359375
