0 0.277046783625731 0.39761092150170646 0.13304093567251463 0.2901023890784983
0 0.4100877192982456 0.3856655290102389 0.11257309941520466 0.279863481228669
0 0.5921052631578947 0.35665529010238906 0.1228070175438597 0.2832764505119454
0 0.7244152046783625 0.33276450511945393 0.13011695906432752 0.29692832764505117
0 0.1834795321637427 0.7491467576791808 0.12426900584795321 0.24914675767918093
0 0.2909356725146199 0.7389078498293515 0.11988304093567251 0.24914675767918082
0 0.4480994152046784 0.742320819112628 0.12134502923976609 0.24914675767918093
0 0.5701754385964912 0.726962457337884 0.1257309941520468 0.2525597269624573
0 0.6988304093567251 0.7235494880546075 0.11988304093567259 0.2662116040955631
0 0.8260233918128654 0.7133105802047781 0.11988304093567248 0.2662116040955632
