0 0.09718670076726343 0.6260869565217391 0.1483375959079284 0.5739130434782609
0 0.2506393861892583 0.6478260869565218 0.1432225063938619 0.5739130434782609
0 0.38235294117647056 0.6565217391304348 0.12020460358056267 0.5739130434782609
0 0.5268542199488491 0.6630434782608696 0.12276214833759591 0.5782608695652174
0 0.6214833759590792 0.7978260869565217 0.06138107416879801 0.32608695652173914
0 0.6867007672634271 0.7934782608695652 0.06905370843989767 0.31739130434782614
0 0.6150895140664963 0.1108695652173913 0.08951406649616367 0.12608695652173912
0 0.6892583120204603 0.11304347826086956 0.06393861892583119 0.1217391304347826
0 0.7455242966751918 0.12391304347826088 0.038363171355498715 0.11739130434782609
0 0.7902813299232736 0.1282608695652174 0.051150895140665065 0.12608695652173912
