0 0.1724137931034483 0.549079754601227 0.09913793103448278 0.5460122699386503
0 0.2672413793103448 0.5460122699386503 0.09482758620689655 0.5276073619631902
0 0.35775862068965514 0.5306748466257669 0.08620689655172414 0.48466257668711654
0 0.44504310344827586 0.5122699386503068 0.07112068965517238 0.4723926380368098
0 0.5226293103448276 0.5030674846625767 0.07112068965517243 0.4662576687116564
0 0.5905172413793103 0.4815950920245399 0.07758620689655171 0.4601226993865031
0 0.6627155172413792 0.4815950920245399 0.06681034482758619 0.4233128834355828
0 0.7262931034482758 0.4601226993865031 0.06465517241379304 0.42944785276073616
0 0.7898706896551724 0.45398773006134974 0.04956896551724144 0.4294478527607362
0 0.8426724137931034 0.4447852760736196 0.05603448275862066 0.4233128834355828
