0 0.10784313725490197 0.6185567010309279 0.10675381263616557 0.7010309278350515
0 0.2113289760348584 0.6082474226804124 0.09150326797385622 0.6597938144329897
0 0.3126361655773421 0.5927835051546392 0.08932461873638348 0.6701030927835052
0 0.4106753812636166 0.5721649484536082 0.09368191721132896 0.6288659793814433
0 0.5043572984749456 0.5515463917525774 0.0980392156862745 0.6494845360824743
0 0.5915032679738562 0.5257731958762887 0.09368191721132901 0.6597938144329897
0 0.6895424836601307 0.5103092783505154 0.07189542483660127 0.6288659793814433
0 0.7745098039215685 0.4742268041237113 0.08061002178649235 0.597938144329897
0 0.8594771241830066 0.4639175257731959 0.08061002178649235 0.6185567010309279
0 0.9357298474945533 0.44845360824742264 0.07625272331154687 0.6082474226804124
