0 0.13900414937759337 0.5075757575757576 0.07053941908713691 0.25757575757575757
0 0.19709543568464732 0.5227272727272727 0.05394190871369295 0.22727272727272724
0 0.2821576763485477 0.553030303030303 0.05809128630705396 0.22727272727272724
0 0.34024896265560167 0.5606060606060606 0.06639004149377592 0.24242424242424238
0 0.42738589211618255 0.5984848484848485 0.06639004149377592 0.25757575757575757
0 0.49377593360995853 0.6136363636363636 0.05809128630705396 0.2272727272727273
0 0.5726141078838174 0.6212121212121212 0.05809128630705396 0.24242424242424243
0 0.7572614107883817 0.6439393939393939 0.053941908713692976 0.2272727272727273
0 0.6369294605809128 0.6212121212121212 0.053941908713692865 0.21212121212121215
0 0.6950207468879668 0.6439393939393939 0.06224066390041494 0.2272727272727273
