0 0.16121495327102803 0.7417582417582418 0.09813084112149532 0.27472527472527475
0 0.24532710280373832 0.6923076923076923 0.08878504672897194 0.2637362637362637
0 0.32242990654205606 0.6373626373626373 0.08411214953271029 0.2637362637362638
0 0.397196261682243 0.5714285714285714 0.07476635514018692 0.24175824175824173
0 0.49766355140186913 0.510989010989011 0.07009345794392519 0.23076923076923078
0 0.572429906542056 0.45604395604395603 0.07009345794392519 0.23076923076923073
0 0.6565420560747663 0.3901098901098901 0.06074766355140193 0.20879120879120883
0 0.7149532710280374 0.34065934065934067 0.05607476635514019 0.21978021978021978
0 0.7733644859813085 0.3021978021978022 0.06074766355140182 0.2087912087912088
0 0.8294392523364487 0.2692307692307692 0.06074766355140182 0.2087912087912088
