0 0.17759562841530055 0.515625 0.06010928961748635 0.3125
0 0.24316939890710382 0.515625 0.06010928961748638 0.3125
0 0.319672131147541 0.5078125 0.06010928961748635 0.296875
0 0.38524590163934425 0.5 0.04918032786885246 0.28125
0 0.5792349726775956 0.5 0.05464480874316946 0.28125
0 0.44808743169398907 0.5078125 0.05464480874316935 0.296875
0 0.5163934426229508 0.5078125 0.060109289617486406 0.296875
0 0.6475409836065573 0.5 0.060109289617486295 0.3125
0 0.7240437158469946 0.5 0.049180327868852514 0.28125
0 0.7896174863387978 0.5078125 0.060109289617486406 0.296875
