0 0.15034965034965037 0.3214285714285714 0.06293706293706294 0.21428571428571427
0 0.21678321678321677 0.3392857142857143 0.08391608391608393 0.2142857142857143
0 0.30069930069930073 0.3482142857142857 0.06993006993006995 0.19642857142857145
0 0.36363636363636365 0.3660714285714286 0.06993006993006995 0.19642857142857145
0 0.44755244755244755 0.375 0.0699300699300699 0.1785714285714286
0 0.513986013986014 0.39285714285714285 0.07692307692307687 0.1785714285714286
0 0.6013986013986015 0.39285714285714285 0.0699300699300699 0.1785714285714286
0 0.6678321678321678 0.4017857142857143 0.06293706293706292 0.19642857142857145
0 0.7272727272727273 0.4196428571428572 0.0699300699300699 0.19642857142857145
0 0.8006993006993006 0.4285714285714286 0.07692307692307698 0.1785714285714286
