0 0.11612903225806451 0.5204081632653061 0.06451612903225805 0.3061224489795918
0 0.19032258064516128 0.5408163265306123 0.05806451612903227 0.30612244897959184
0 0.27741935483870966 0.5408163265306123 0.06451612903225809 0.30612244897959184
0 0.34516129032258064 0.5408163265306123 0.058064516129032295 0.30612244897959184
0 0.43870967741935485 0.5510204081632653 0.06451612903225806 0.2857142857142857
0 0.5096774193548388 0.5612244897959184 0.06451612903225812 0.30612244897959184
0 0.6 0.5816326530612245 0.06451612903225801 0.3061224489795919
0 0.6645161290322581 0.5918367346938775 0.05161290322580647 0.28571428571428575
0 0.7225806451612904 0.5918367346938775 0.05161290322580647 0.28571428571428575
0 0.7838709677419355 0.5918367346938775 0.058064516129032184 0.32653061224489793
