0 0.10130718954248366 0.32727272727272727 0.0849673202614379 0.16363636363636366
0 0.1764705882352941 0.3545454545454545 0.06535947712418302 0.14545454545454545
0 0.25163398692810457 0.38636363636363635 0.07189542483660127 0.13636363636363635
0 0.3202614379084967 0.42272727272727273 0.06535947712418305 0.13636363636363635
0 0.40522875816993464 0.4636363636363636 0.065359477124183 0.14545454545454545
0 0.4738562091503268 0.4818181818181818 0.07189542483660127 0.14545454545454545
0 0.5718954248366013 0.5318181818181819 0.07189542483660127 0.1545454545454546
0 0.6372549019607843 0.5590909090909091 0.07189542483660138 0.1363636363636364
0 0.7091503267973857 0.5909090909090909 0.07189542483660127 0.1454545454545455
0 0.7777777777777778 0.6272727272727272 0.065359477124183 0.1454545454545454
