0 0.13851351351351351 0.5740740740740741 0.0608108108108108 0.2592592592592593
0 0.19932432432432434 0.5925925925925926 0.06081081081081083 0.25925925925925924
0 0.26013513513513514 0.611111111111111 0.06081081081081077 0.25925925925925924
0 0.32770270270270274 0.6203703703703703 0.0608108108108108 0.2407407407407407
0 0.40878378378378377 0.6296296296296297 0.07432432432432434 0.2592592592592593
0 0.5067567567567568 0.6481481481481481 0.08108108108108103 0.2592592592592593
0 0.5878378378378379 0.6018518518518519 0.05405405405405406 0.3888888888888889
0 0.6655405405405406 0.6018518518518519 0.08783783783783783 0.3888888888888889
0 0.75 0.6203703703703703 0.06756756756756754 0.38888888888888884
0 0.8378378378378378 0.6296296296296297 0.09459459459459452 0.40740740740740744
