0 0.1445086705202312 0.5337837837837838 0.04624277456647399 0.20270270270270263
0 0.1936416184971098 0.5337837837837838 0.04046242774566475 0.20270270270270263
0 0.2630057803468208 0.5405405405405406 0.040462427745664775 0.21621621621621623
0 0.30346820809248554 0.5472972972972974 0.04046242774566472 0.20270270270270274
0 0.36994219653179194 0.5405405405405406 0.04624277456647402 0.21621621621621623
0 0.41329479768786126 0.5540540540540541 0.04046242774566472 0.21621621621621623
0 0.5 0.527027027027027 0.028901734104046284 0.16216216216216217
0 0.5317919075144508 0.527027027027027 0.034682080924855474 0.16216216216216217
0 0.569364161849711 0.5337837837837838 0.040462427745664775 0.17567567567567566
0 0.6040462427745665 0.5405405405405406 0.040462427745664775 0.16216216216216212
0 0.7023121387283238 0.5608108108108109 0.040462427745664775 0.2027027027027027
0 0.7398843930635839 0.5608108108108109 0.034682080924855474 0.2027027027027027
0 0.7745664739884393 0.5675675675675675 0.034682080924855474 0.1891891891891892
0 0.8121387283236994 0.5675675675675675 0.040462427745664775 0.21621621621621617
