0 0.12325581395348836 0.54 0.08837209302325581 0.3066666666666667
0 0.20697674418604653 0.5466666666666666 0.08837209302325583 0.32
0 0.2906976744186046 0.5666666666666667 0.06046511627906975 0.30666666666666664
0 0.35348837209302325 0.5533333333333333 0.07441860465116279 0.30666666666666664
0 0.43488372093023253 0.5533333333333333 0.0790697674418605 0.30666666666666664
0 0.5093023255813953 0.56 0.10697674418604647 0.29333333333333333
0 0.6 0.5533333333333333 0.06511627906976747 0.28
0 0.6674418604651162 0.5533333333333333 0.06976744186046513 0.30666666666666664
0 0.727906976744186 0.56 0.0604651162790697 0.29333333333333333
0 0.7976744186046512 0.56 0.06976744186046502 0.29333333333333333
