0 0.12087912087912088 0.5526315789473684 0.0879120879120879 0.28947368421052627
0 0.21153846153846156 0.5592105263157894 0.09340659340659344 0.2763157894736842
0 0.31043956043956045 0.5394736842105263 0.08241758241758246 0.2894736842105263
0 0.38186813186813184 0.5328947368421053 0.0824175824175824 0.2763157894736842
0 0.4697802197802198 0.5394736842105263 0.0824175824175824 0.2894736842105263
0 0.5412087912087913 0.5328947368421053 0.08241758241758246 0.2763157894736842
0 0.6291208791208791 0.5328947368421053 0.09340659340659341 0.2763157894736842
0 0.717032967032967 0.5394736842105263 0.08241758241758235 0.2894736842105263
0 0.7994505494505495 0.5394736842105263 0.08241758241758246 0.2894736842105263
0 0.8818681318681318 0.5394736842105263 0.0714285714285714 0.2894736842105263
