0 0.16494845360824742 0.6212121212121212 0.10309278350515465 0.393939393939394
0 0.25773195876288657 0.6212121212121212 0.0824742268041237 0.393939393939394
0 0.34536082474226804 0.5909090909090908 0.09278350515463918 0.3939393939393939
0 0.41752577319587625 0.6060606060606061 0.07216494845360827 0.4242424242424243
0 0.5051546391752577 0.6060606060606061 0.08247422680412364 0.4242424242424243
0 0.5773195876288659 0.5909090909090908 0.08247422680412375 0.3939393939393939
0 0.6701030927835052 0.5757575757575757 0.08247422680412375 0.4242424242424242
0 0.8556701030927836 0.5757575757575757 0.08247422680412375 0.36363636363636365
0 0.731958762886598 0.5757575757575757 0.08247422680412375 0.4242424242424242
0 0.7989690721649485 0.5909090909090908 0.07216494845360832 0.3939393939393939
