0 0.16666666666666666 0.5686274509803921 0.08108108108108109 0.4705882352941177
0 0.25225225225225223 0.5588235294117647 0.09009009009009011 0.45098039215686275
0 0.34234234234234234 0.5392156862745098 0.07207207207207211 0.4509803921568627
0 0.4054054054054054 0.5 0.07207207207207206 0.4509803921568627
0 0.49099099099099097 0.4803921568627451 0.08108108108108109 0.4509803921568628
0 0.5675675675675675 0.4509803921568627 0.09009009009009006 0.4313725490196078
0 0.6441441441441441 0.4117647058823529 0.06306306306306309 0.43137254901960786
0 0.7027027027027026 0.3823529411764706 0.05405405405405406 0.4117647058823529
0 0.7567567567567568 0.37254901960784315 0.05405405405405406 0.43137254901960786
0 0.8018018018018018 0.36274509803921573 0.05405405405405406 0.45098039215686275
