0 0.11918604651162791 0.5072463768115942 0.08720930232558141 0.26086956521739124
0 0.20348837209302326 0.5 0.08139534883720928 0.24637681159420288
0 0.3023255813953488 0.5144927536231884 0.04651162790697677 0.24637681159420283
0 0.37790697674418605 0.5144927536231885 0.08139534883720934 0.21739130434782605
0 0.47674418604651164 0.5144927536231884 0.08139534883720934 0.24637681159420283
0 0.5523255813953489 0.5217391304347826 0.08139534883720934 0.2608695652173913
0 0.6453488372093024 0.5217391304347826 0.08139534883720934 0.2318840579710144
0 0.7238372093023255 0.5144927536231884 0.05232558139534882 0.24637681159420283
0 0.7965116279069768 0.5217391304347826 0.046511627906976716 0.2318840579710144
0 0.8691860465116279 0.5289855072463768 0.05232558139534882 0.24637681159420288
