0 0.06707317073170732 0.5967741935483871 0.07926829268292683 0.3333333333333333
0 0.14786585365853658 0.5967741935483871 0.08841463414634147 0.3333333333333333
0 0.25914634146341464 0.5860215053763441 0.04878048780487804 0.3548387096774193
0 0.33841463414634143 0.6021505376344086 0.0853658536585366 0.3225806451612903
0 0.43597560975609756 0.6075268817204301 0.07317073170731703 0.3333333333333333
0 0.5167682926829269 0.5967741935483871 0.08841463414634154 0.3548387096774193
0 0.6219512195121951 0.6129032258064516 0.0792682926829269 0.3440860215053763
0 0.7027439024390244 0.6021505376344086 0.07012195121951215 0.3440860215053763
0 0.7926829268292683 0.6129032258064516 0.04878048780487798 0.3225806451612903
0 0.8780487804878049 0.6075268817204301 0.08536585365853666 0.3548387096774193
