0 0.09398496240601503 0.5772727272727273 0.06265664160401002 0.33636363636363636
0 0.15789473684210525 0.5681818181818182 0.06015037593984962 0.35454545454545455
0 0.2844611528822055 0.5954545454545455 0.05263157894736842 0.3181818181818182
0 0.3483709273182957 0.5909090909090908 0.06516290726817042 0.32727272727272727
0 0.4736842105263158 0.6136363636363636 0.060150375939849676 0.30000000000000004
0 0.5325814536340852 0.6181818181818182 0.057644110275689164 0.34545454545454546
0 0.6666666666666667 0.6363636363636364 0.05513784461152882 0.3090909090909091
0 0.7293233082706767 0.6318181818181818 0.05513784461152882 0.3181818181818182
0 0.7907268170426065 0.65 0.05263157894736836 0.3363636363636364
0 0.8508771929824561 0.6545454545454545 0.06265664160400997 0.3272727272727273
