0 0.18154761904761904 0.5096153846153846 0.07738095238095238 0.2884615384615385
0 0.2589285714285714 0.5288461538461539 0.08928571428571427 0.2884615384615385
0 0.35119047619047616 0.5096153846153846 0.07142857142857145 0.2884615384615385
0 0.4107142857142857 0.5 0.059523809523809534 0.2692307692307692
0 0.5059523809523809 0.5096153846153846 0.0714285714285714 0.2884615384615385
0 0.5833333333333333 0.49038461538461536 0.08333333333333337 0.28846153846153844
0 0.6785714285714286 0.5 0.059523809523809534 0.3076923076923077
0 0.7380952380952381 0.5 0.059523809523809534 0.2692307692307692
0 0.7946428571428572 0.5 0.05357142857142849 0.2692307692307692
0 0.8541666666666666 0.5096153846153846 0.06547619047619047 0.2884615384615385
