0 0.04666666666666667 0.5212765957446809 0.08 0.5319148936170213
0 0.14 0.553191489361702 0.09333333333333334 0.5106382978723404
0 0.26 0.5638297872340425 0.07999999999999999 0.4893617021276595
0 0.33999999999999997 0.5638297872340425 0.08000000000000002 0.4893617021276595
0 0.45666666666666667 0.5638297872340425 0.10000000000000003 0.4893617021276595
0 0.5533333333333333 0.5638297872340425 0.10666666666666669 0.5319148936170213
0 0.6766666666666666 0.5851063829787234 0.08666666666666667 0.5319148936170213
0 0.76 0.5957446808510638 0.08000000000000007 0.5106382978723405
0 0.8466666666666667 0.5957446808510638 0.08000000000000007 0.5106382978723405
0 0.9299999999999999 0.5957446808510638 0.07333333333333336 0.5106382978723405
