0 0.1393939393939394 0.44642857142857145 0.08484848484848485 0.3928571428571429
0 0.2181818181818182 0.4285714285714286 0.08484848484848487 0.39285714285714285
0 0.30303030303030304 0.4375 0.08484848484848484 0.375
0 0.37575757575757573 0.42857142857142855 0.0727272727272727 0.3571428571428571
0 0.48484848484848486 0.4285714285714286 0.08484848484848478 0.39285714285714285
0 0.5636363636363637 0.4017857142857143 0.08484848484848484 0.375
0 0.6484848484848484 0.4017857142857143 0.08484848484848484 0.375
0 0.7242424242424242 0.39285714285714285 0.07878787878787885 0.3571428571428571
0 0.8090909090909091 0.39285714285714285 0.07878787878787885 0.3571428571428571
0 0.8878787878787879 0.3839285714285714 0.07878787878787874 0.375
