0 0.43333333333333335 0.33695652173913043 0.06666666666666665 0.23913043478260868
0 0.5047619047619047 0.32608695652173914 0.07619047619047614 0.26086956521739124
0 0.6333333333333333 0.34782608695652173 0.06666666666666665 0.26086956521739135
0 0.7095238095238096 0.33695652173913043 0.06666666666666665 0.28260869565217395
0 0.35238095238095235 0.6086956521739131 0.0761904761904762 0.26086956521739124
0 0.4285714285714286 0.6195652173913044 0.0761904761904762 0.28260869565217395
0 0.5571428571428572 0.6086956521739131 0.06666666666666665 0.26086956521739124
0 0.6333333333333333 0.6086956521739131 0.06666666666666665 0.26086956521739124
0 0.7 0.6086956521739131 0.06666666666666665 0.26086956521739124
0 0.7714285714285714 0.6195652173913044 0.07619047619047625 0.28260869565217395
