0 0.12272727272727273 0.4714285714285714 0.08181818181818182 0.37142857142857144
0 0.20454545454545453 0.4857142857142857 0.06363636363636363 0.4
0 0.32272727272727275 0.4714285714285714 0.06363636363636366 0.37142857142857144
0 0.38636363636363635 0.4714285714285714 0.0636363636363636 0.37142857142857144
0 0.4954545454545455 0.45714285714285713 0.08181818181818185 0.4
0 0.5727272727272728 0.45714285714285713 0.07272727272727275 0.4
0 0.6818181818181819 0.4714285714285714 0.07272727272727264 0.37142857142857144
0 0.7454545454545454 0.45714285714285713 0.054545454545454564 0.4
0 0.8045454545454545 0.45714285714285713 0.0636363636363636 0.4
0 0.8727272727272727 0.4714285714285714 0.07272727272727275 0.37142857142857144
