0 0.10676156583629892 0.7787610619469026 0.06405693950177936 0.4247787610619469
0 0.16459074733096085 0.7654867256637168 0.0622775800711744 0.3982300884955752
0 0.2846975088967971 0.6460176991150443 0.06405693950177932 0.4601769911504425
0 0.3407473309608541 0.6017699115044248 0.06583629893238435 0.42477876106194695
0 0.4741992882562278 0.4778761061946903 0.0622775800711744 0.47787610619469023
0 0.5293594306049823 0.415929203539823 0.0658362989323843 0.4778761061946903
0 0.6814946619217082 0.2920353982300885 0.06049822064056942 0.4601769911504425
0 0.7384341637010676 0.2433628318584071 0.06405693950177938 0.4690265486725664
0 0.8051601423487544 0.20353982300884957 0.06227758007117434 0.3893805309734513
0 0.8701067615658363 0.18584070796460178 0.07117437722419928 0.35398230088495575
