0 0.09803921568627452 0.6693548387096774 0.09411764705882354 0.532258064516129
0 0.18627450980392157 0.6209677419354839 0.08235294117647057 0.5
0 0.2803921568627451 0.6209677419354839 0.09019607843137256 0.5
0 0.3686274509803922 0.5806451612903226 0.08627450980392154 0.48387096774193555
0 0.4607843137254902 0.5403225806451613 0.0901960784313725 0.49999999999999994
0 0.5509803921568628 0.5241935483870968 0.09019607843137256 0.532258064516129
0 0.6509803921568627 0.4838709677419355 0.0862745098039216 0.5161290322580645
0 0.7352941176470589 0.44354838709677424 0.09019607843137256 0.5
0 0.8196078431372549 0.42741935483870963 0.07843137254901955 0.49999999999999994
0 0.903921568627451 0.3870967741935484 0.08235294117647052 0.5161290322580645
