0 0.19329896907216493 0.4661016949152542 0.08762886597938144 0.35593220338983045
0 0.27061855670103097 0.4661016949152542 0.07731958762886598 0.35593220338983045
0 0.3582474226804124 0.4661016949152542 0.0670103092783505 0.35593220338983045
0 0.4252577319587629 0.47457627118644063 0.0670103092783505 0.33898305084745756
0 0.5154639175257731 0.4661016949152542 0.08247422680412375 0.35593220338983045
0 0.5876288659793815 0.4661016949152542 0.07216494845360821 0.35593220338983045
0 0.6804123711340206 0.4745762711864407 0.07216494845360821 0.3728813559322034
0 0.7448453608247423 0.4661016949152542 0.0670103092783505 0.35593220338983045
0 0.8041237113402062 0.4745762711864407 0.061855670103092786 0.3728813559322034
0 0.8685567010309279 0.4745762711864407 0.07731958762886593 0.3728813559322034
