0 0.32094594594594594 0.40909090909090906 0.05405405405405406 0.3131313131313131
0 0.38513513513513514 0.4090909090909091 0.05405405405405406 0.29292929292929293
0 0.4391891891891892 0.398989898989899 0.04054054054054057 0.31313131313131315
0 0.48648648648648646 0.398989898989899 0.04729729729729726 0.2929292929292929
0 0.3817567567567568 0.7424242424242424 0.047297297297297314 0.29292929292929293
0 0.4341216216216216 0.7626262626262625 0.05067567567567571 0.29292929292929293
0 0.6199324324324325 0.5909090909090909 0.057432432432432456 0.4545454545454546
0 0.6976351351351351 0.5959595959595959 0.057432432432432345 0.4848484848484848
0 0.785472972972973 0.5757575757575758 0.06418918918918914 0.4444444444444445
0 0.8597972972972973 0.5707070707070707 0.057432432432432456 0.4545454545454546
