0 0.1412037037037037 0.5714285714285714 0.08796296296296295 0.5357142857142858
0 0.22453703703703703 0.5714285714285714 0.07870370370370372 0.5357142857142858
0 0.3125 0.5625 0.07870370370370372 0.5178571428571428
0 0.3958333333333333 0.5446428571428572 0.07870370370370372 0.5178571428571429
0 0.4837962962962963 0.5714285714285714 0.07870370370370372 0.5357142857142858
0 0.5694444444444444 0.5446428571428572 0.08333333333333337 0.5178571428571429
0 0.6574074074074074 0.5446428571428572 0.07407407407407407 0.5178571428571429
0 0.7453703703703703 0.5357142857142857 0.05555555555555558 0.5357142857142858
0 0.8240740740740742 0.5357142857142857 0.07407407407407407 0.5357142857142858
0 0.9074074074074074 0.5267857142857143 0.07407407407407407 0.5535714285714286
