0 0.22151898734177217 0.518796992481203 0.13080168776371306 0.46616541353383456
0 0.3481012658227848 0.5037593984962405 0.10548523206751054 0.43609022556390975
0 0.4472573839662447 0.49624060150375937 0.10126582278481017 0.4360902255639098
0 0.5358649789029536 0.5 0.09282700421940926 0.3984962406015038
0 0.620253164556962 0.49624060150375937 0.09282700421940926 0.39097744360902253
0 0.70042194092827 0.49624060150375937 0.09282700421940926 0.3609022556390977
0 0.7763713080168777 0.5 0.05907172995780596 0.33834586466165417
0 0.8312236286919832 0.49624060150375937 0.07594936708860767 0.31578947368421056
0 0.8860759493670887 0.4887218045112782 0.0675105485232067 0.33082706766917297
0 0.9367088607594937 0.49624060150375937 0.05907172995780585 0.3007518796992481
