0 0.14926931106471816 0.48425196850393704 0.07724425887265135 0.5275590551181102
0 0.22860125260960334 0.48425196850393704 0.06889352818371608 0.5275590551181102
0 0.32045929018789143 0.4881889763779528 0.07306889352818369 0.4881889763779528
0 0.40709812108559496 0.5 0.06263048016701461 0.5275590551181102
0 0.48956158663883087 0.5 0.07306889352818374 0.5118110236220472
0 0.5720250521920668 0.5 0.0751565762004176 0.49606299212598426
0 0.6597077244258873 0.5 0.07098121085594988 0.49606299212598426
0 0.7453027139874739 0.5078740157480315 0.07515657620041749 0.5118110236220472
0 0.8277661795407099 0.5039370078740157 0.08141962421711901 0.5196850393700787
0 0.9123173277661796 0.5039370078740157 0.07515657620041749 0.5354330708661417
