0 0.1880952380952381 0.5161290322580645 0.08095238095238094 0.4838709677419355
0 0.2761904761904762 0.5161290322580645 0.0761904761904762 0.4838709677419355
0 0.36190476190476195 0.49193548387096775 0.0761904761904762 0.467741935483871
0 0.44285714285714284 0.467741935483871 0.0761904761904762 0.4516129032258065
0 0.5214285714285715 0.45967741935483875 0.07142857142857145 0.5
0 0.6023809523809524 0.4435483870967742 0.0714285714285714 0.4677419354838709
0 0.6761904761904762 0.42741935483870963 0.06666666666666665 0.46774193548387094
0 0.7523809523809524 0.4032258064516129 0.07619047619047614 0.45161290322580644
0 0.8214285714285714 0.4032258064516129 0.0714285714285714 0.45161290322580644
0 0.8928571428571428 0.3870967741935484 0.07142857142857151 0.4516129032258065
