0 0.18243243243243246 0.3488372093023256 0.12162162162162163 0.18604651162790697
0 0.29054054054054057 0.3488372093023256 0.12162162162162163 0.18604651162790697
0 0.4527027027027027 0.36046511627906974 0.1216216216216216 0.16279069767441862
0 0.5337837837837838 0.36046511627906974 0.09459459459459452 0.16279069767441862
0 0.6756756756756757 0.37209302325581395 0.1351351351351351 0.18604651162790697
0 0.8040540540540541 0.37209302325581395 0.12162162162162171 0.18604651162790697
0 0.2702702702702703 0.5697674418604651 0.13513513513513511 0.2558139534883721
0 0.41216216216216217 0.5930232558139534 0.14864864864864868 0.25581395348837205
0 0.5743243243243243 0.5930232558139534 0.14864864864864868 0.25581395348837205
0 0.7162162162162162 0.6046511627906976 0.16216216216216217 0.27906976744186046
