0 0.16587677725118483 0.4745762711864407 0.08530805687203791 0.44067796610169496
0 0.25118483412322273 0.47457627118644063 0.08530805687203791 0.4067796610169491
0 0.3459715639810427 0.4830508474576271 0.0663507109004739 0.38983050847457623
0 0.4218009478672986 0.4915254237288136 0.08530805687203796 0.4067796610169492
0 0.518957345971564 0.4915254237288136 0.08056872037914692 0.4067796610169492
0 0.5876777251184835 0.4830508474576271 0.07582938388625593 0.38983050847457623
0 0.6682464454976303 0.48305084745762716 0.06635071090047395 0.42372881355932207
0 0.7274881516587677 0.4915254237288136 0.06161137440758291 0.4067796610169492
0 0.7867298578199052 0.4915254237288136 0.06635071090047395 0.4067796610169492
0 0.8459715639810426 0.4915254237288136 0.06161137440758291 0.4067796610169492
