0 0.24056603773584906 0.4057971014492754 0.07547169811320753 0.2028985507246377
0 0.3018867924528302 0.4057971014492754 0.05660377358490565 0.2028985507246377
0 0.4033018867924528 0.4057971014492754 0.05188679245283018 0.2028985507246377
0 0.44339622641509435 0.41304347826086957 0.037735849056603765 0.18840579710144933
0 0.5212264150943396 0.39855072463768115 0.05188679245283018 0.2173913043478261
0 0.6721698113207547 0.391304347826087 0.05188679245283012 0.2028985507246377
0 0.5801886792452831 0.39855072463768115 0.06603773584905659 0.2173913043478261
0 0.7264150943396226 0.391304347826087 0.047169811320754707 0.17391304347826086
0 0.7735849056603774 0.37681159420289856 0.047169811320754707 0.2028985507246377
0 0.8183962264150944 0.3840579710144928 0.05188679245283012 0.18840579710144928
