0 0.1164021164021164 0.4864864864864865 0.08465608465608465 0.48648648648648646
0 0.1984126984126984 0.5 0.07936507936507936 0.45945945945945943
0 0.2936507936507936 0.5135135135135135 0.06878306878306878 0.4324324324324324
0 0.37037037037037035 0.5 0.06349206349206349 0.45945945945945943
0 0.46825396825396826 0.472972972972973 0.06878306878306883 0.4594594594594595
0 0.5449735449735449 0.4864864864864865 0.07407407407407407 0.43243243243243246
0 0.6428571428571428 0.44594594594594594 0.06878306878306872 0.45945945945945943
0 0.7195767195767195 0.43243243243243246 0.07407407407407407 0.43243243243243246
0 0.7962962962962963 0.4054054054054054 0.06878306878306883 0.4324324324324324
0 0.873015873015873 0.3648648648648649 0.06349206349206349 0.4594594594594595
