0 0.11006289308176101 0.44999999999999996 0.06918238993710692 0.36666666666666664
0 0.18238993710691825 0.475 0.07547169811320756 0.3833333333333333
0 0.2672955974842767 0.475 0.0691823899371069 0.35000000000000003
0 0.33962264150943394 0.48333333333333334 0.06289308176100628 0.33333333333333337
0 0.4308176100628931 0.4916666666666667 0.0691823899371069 0.38333333333333336
0 0.5157232704402516 0.5 0.07547169811320753 0.3666666666666667
0 0.60062893081761 0.5083333333333333 0.0691823899371069 0.3833333333333333
0 0.6823899371069182 0.5333333333333333 0.0691823899371069 0.3666666666666667
0 0.7610062893081762 0.5249999999999999 0.05031446540880513 0.35
0 0.8522012578616353 0.5333333333333333 0.0691823899371069 0.3666666666666667
