0 0.1310344827586207 0.41346153846153844 0.08275862068965519 0.32692307692307687
0 0.20344827586206898 0.4326923076923077 0.062068965517241365 0.3269230769230769
0 0.30344827586206896 0.4423076923076923 0.05517241379310345 0.3076923076923077
0 0.35517241379310344 0.4423076923076923 0.06206896551724139 0.3076923076923077
0 0.4896551724137931 0.4519230769230769 0.0551724137931035 0.28846153846153844
0 0.5482758620689656 0.46153846153846156 0.06206896551724139 0.3076923076923077
0 0.693103448275862 0.4807692307692307 0.0482758620689655 0.30769230769230765
0 0.7448275862068965 0.4807692307692307 0.05517241379310345 0.30769230769230765
0 0.796551724137931 0.4807692307692307 0.06206896551724139 0.30769230769230765
0 0.8448275862068966 0.4807692307692307 0.06206896551724139 0.30769230769230765
