0 0.11004784688995214 0.5104166666666667 0.08612440191387559 0.39583333333333337
0 0.18660287081339713 0.53125 0.07655502392344499 0.3958333333333333
0 0.27990430622009566 0.5520833333333334 0.07177033492822965 0.3958333333333333
0 0.35406698564593303 0.5729166666666666 0.06698564593301437 0.3541666666666667
0 0.44976076555023925 0.5729166666666666 0.07655502392344499 0.3541666666666667
0 0.5239234449760766 0.5729166666666667 0.0717703349282297 0.39583333333333337
0 0.6172248803827751 0.5520833333333333 0.06698564593301426 0.35416666666666663
0 0.69377990430622 0.5520833333333333 0.06698564593301437 0.35416666666666663
0 0.7655502392344498 0.5520833333333333 0.06698564593301426 0.35416666666666663
0 0.8421052631578947 0.5416666666666666 0.06698564593301437 0.37499999999999994
