0 0.13114754098360656 0.4673913043478261 0.08196721311475409 0.32608695652173914
0 0.22131147540983606 0.4782608695652174 0.0655737704918033 0.34782608695652173
0 0.3114754098360656 0.4782608695652174 0.0655737704918033 0.34782608695652173
0 0.39344262295081966 0.4673913043478261 0.06557377049180324 0.32608695652173914
0 0.47540983606557374 0.4891304347826087 0.0655737704918033 0.32608695652173914
0 0.5491803278688525 0.4782608695652174 0.08196721311475408 0.30434782608695654
0 0.639344262295082 0.4673913043478261 0.06557377049180324 0.32608695652173914
0 0.7172131147540983 0.4782608695652174 0.07377049180327866 0.30434782608695654
0 0.8032786885245902 0.4891304347826087 0.06557377049180335 0.32608695652173914
0 0.8811475409836066 0.4891304347826087 0.07377049180327866 0.32608695652173914
