0 0.11160714285714285 0.3709677419354839 0.08035714285714285 0.5483870967741935
0 0.19642857142857145 0.3709677419354839 0.07142857142857142 0.4838709677419355
0 0.3035714285714286 0.3870967741935484 0.07142857142857145 0.5161290322580645
0 0.375 0.3870967741935484 0.0714285714285714 0.4516129032258065
0 0.4732142857142857 0.3870967741935484 0.0714285714285714 0.5161290322580645
0 0.5625 0.4032258064516129 0.08928571428571419 0.5483870967741935
0 0.6517857142857143 0.3870967741935484 0.0535714285714286 0.5161290322580645
0 0.7232142857142857 0.4193548387096774 0.0714285714285714 0.5161290322580645
0 0.8035714285714286 0.4032258064516129 0.0714285714285714 0.4838709677419355
0 0.8839285714285714 0.4193548387096774 0.0714285714285714 0.5161290322580645
