0 0.3421052631578947 0.3532934131736527 0.15789473684210525 0.41916167664670656
0 0.4676113360323887 0.2874251497005988 0.14979757085020245 0.40718562874251496
0 0.665991902834008 0.20059880239520958 0.1417004048582996 0.37724550898203596
0 0.7995951417004048 0.17365269461077845 0.1578947368421052 0.3353293413173653
0 0.2732793522267206 0.847305389221557 0.12550607287449395 0.3053892215568862
0 0.38866396761133604 0.8023952095808384 0.12145748987854255 0.32335329341317365
0 0.5101214574898785 0.7305389221556886 0.15384615384615385 0.40718562874251496
0 0.6336032388663968 0.6497005988023952 0.1417004048582996 0.41317365269461076
0 0.763157894736842 0.5958083832335329 0.1336032388663967 0.38922155688622756
0 0.894736842105263 0.5329341317365269 0.12955465587044535 0.39520958083832336
