0 0.1722689075630252 0.46551724137931033 0.07563025210084034 0.2413793103448275
0 0.24369747899159666 0.46551724137931033 0.06722689075630253 0.2413793103448275
0 0.31512605042016806 0.46551724137931033 0.07563025210084034 0.2413793103448275
0 0.3865546218487395 0.47413793103448276 0.0672268907563025 0.2241379310344827
0 0.45798319327731096 0.47413793103448276 0.07563025210084034 0.2586206896551724
0 0.5336134453781513 0.46551724137931033 0.05882352941176472 0.2413793103448275
0 0.6050420168067226 0.47413793103448276 0.0672268907563025 0.2241379310344827
0 0.680672268907563 0.47413793103448276 0.0672268907563025 0.2241379310344827
0 0.7563025210084033 0.47413793103448276 0.0672268907563025 0.2241379310344827
0 0.8277310924369747 0.46551724137931033 0.0756302521008404 0.2413793103448275
