0 0.15476190476190477 0.4857142857142857 0.09523809523809525 0.2857142857142857
0 0.23214285714285715 0.4857142857142857 0.059523809523809534 0.2857142857142857
0 0.3273809523809524 0.4714285714285714 0.059523809523809534 0.2571428571428571
0 0.3869047619047619 0.4714285714285714 0.059523809523809534 0.3142857142857143
0 0.4821428571428571 0.4714285714285714 0.05952380952380948 0.3142857142857143
0 0.5416666666666666 0.4714285714285714 0.059523809523809534 0.3142857142857143
0 0.6071428571428572 0.45714285714285713 0.07142857142857151 0.2857142857142857
0 0.7142857142857143 0.4714285714285714 0.0714285714285714 0.3142857142857143
0 0.7738095238095238 0.4714285714285714 0.0714285714285714 0.3142857142857143
0 0.8452380952380952 0.4857142857142857 0.0714285714285714 0.2857142857142857
