0 0.14545454545454545 0.4431818181818182 0.09090909090909091 0.43181818181818177
0 0.2409090909090909 0.4318181818181818 0.09999999999999998 0.40909090909090906
0 0.34545454545454546 0.4318181818181818 0.07272727272727275 0.40909090909090906
0 0.4318181818181818 0.42045454545454547 0.08181818181818179 0.38636363636363635
0 0.5318181818181819 0.4090909090909091 0.08181818181818185 0.36363636363636365
0 0.6090909090909091 0.39772727272727276 0.09090909090909094 0.38636363636363635
0 0.7 0.375 0.07272727272727264 0.3863636363636364
0 0.8727272727272728 0.375 0.054545454545454564 0.3863636363636364
0 0.7863636363636364 0.3863636363636364 0.08181818181818179 0.36363636363636365
0 0.9454545454545454 0.36363636363636365 0.07272727272727275 0.40909090909090917
