0 0.09274193548387097 0.5638297872340425 0.07258064516129031 0.36170212765957444
0 0.17338709677419356 0.5638297872340425 0.07258064516129034 0.36170212765957444
0 0.2782258064516129 0.574468085106383 0.05645161290322581 0.3829787234042553
0 0.3629032258064516 0.5638297872340425 0.08064516129032256 0.36170212765957444
0 0.4556451612903226 0.5638297872340425 0.07258064516129031 0.36170212765957444
0 0.5362903225806452 0.5638297872340425 0.07258064516129037 0.36170212765957444
0 0.6370967741935484 0.5638297872340425 0.08064516129032251 0.36170212765957444
0 0.721774193548387 0.5638297872340425 0.07258064516129037 0.36170212765957444
0 0.8064516129032258 0.5638297872340425 0.06451612903225812 0.36170212765957444
0 0.8830645161290323 0.5744680851063829 0.07258064516129026 0.3404255319148936
