0 0.10483870967741936 0.5186915887850467 0.08064516129032259 0.38317757009345793
0 0.1870967741935484 0.5186915887850467 0.07096774193548389 0.40186915887850466
0 0.28548387096774197 0.514018691588785 0.054838709677419384 0.3925233644859813
0 0.36451612903225805 0.5233644859813084 0.07096774193548389 0.37383177570093457
0 0.45483870967741935 0.5186915887850467 0.07096774193548383 0.38317757009345793
0 0.5387096774193548 0.514018691588785 0.07096774193548394 0.37383177570093457
0 0.6322580645161291 0.5093457943925234 0.07096774193548383 0.3644859813084112
0 0.7145161290322581 0.5093457943925234 0.06774193548387097 0.3644859813084112
0 0.7919354838709678 0.5186915887850467 0.06774193548387097 0.38317757009345793
0 0.8774193548387097 0.5186915887850467 0.05161290322580647 0.38317757009345793
