0 0.3233082706766917 0.3581081081081081 0.16541353383458646 0.28378378378378377
0 0.45112781954887216 0.3581081081081081 0.12030075187969924 0.28378378378378377
0 0.5939849624060151 0.35135135135135137 0.09022556390977443 0.2702702702702703
0 0.7030075187969924 0.35135135135135137 0.1127819548872181 0.2702702702702703
0 0.23684210526315788 0.6824324324324325 0.11278195488721804 0.28378378378378377
0 0.33458646616541354 0.6689189189189189 0.11278195488721804 0.2837837837837839
0 0.4323308270676691 0.6824324324324325 0.09774436090225563 0.31081081081081086
0 0.5639097744360901 0.6689189189189189 0.10526315789473684 0.2837837837837839
0 0.6691729323308271 0.6756756756756757 0.10526315789473684 0.2702702702702703
0 0.7669172932330828 0.6621621621621622 0.10526315789473684 0.29729729729729737
