0 0.172 0.4807692307692307 0.07199999999999998 0.30769230769230765
0 0.252 0.4807692307692307 0.07199999999999998 0.30769230769230765
0 0.33599999999999997 0.4903846153846154 0.08000000000000002 0.25000000000000006
0 0.41200000000000003 0.5 0.055999999999999994 0.2692307692307692
0 0.484 0.5 0.07200000000000001 0.2692307692307692
0 0.56 0.4807692307692308 0.06399999999999995 0.2692307692307693
0 0.64 0.4903846153846154 0.06400000000000006 0.25000000000000006
0 0.716 0.4903846153846154 0.07199999999999995 0.25000000000000006
0 0.796 0.4903846153846154 0.07199999999999995 0.25000000000000006
0 0.868 0.49038461538461536 0.07200000000000006 0.28846153846153844
