0 0.09584664536741214 0.7134831460674157 0.10223642172523961 0.46067415730337075
0 0.28115015974440893 0.651685393258427 0.06389776357827479 0.44943820224719105
0 0.19329073482428116 0.6797752808988764 0.09265175718849841 0.4606741573033708
0 0.35303514376996803 0.6235955056179775 0.07987220447284343 0.46067415730337075
0 0.43769968051118213 0.5842696629213483 0.08306709265175721 0.449438202247191
0 0.5175718849840256 0.5617977528089888 0.08306709265175721 0.4719101123595505
0 0.6070287539936102 0.5224719101123596 0.0638977635782747 0.43820224719101125
0 0.6677316293929713 0.4887640449438202 0.0638977635782747 0.4382022471910112
0 0.7284345047923322 0.4550561797752809 0.057507987220447254 0.4606741573033708
0 0.8354632587859425 0.4101123595505618 0.07987220447284349 0.41573033707865165
0 0.9105431309904153 0.3651685393258427 0.07667731629392971 0.4606741573033708
