0 0.15695067264573992 0.5634920634920635 0.07174887892376682 0.4285714285714286
0 0.24215246636771304 0.5793650793650793 0.07174887892376683 0.39682539682539686
0 0.3295964125560538 0.5793650793650793 0.04932735426008972 0.39682539682539686
0 0.40582959641255606 0.5793650793650793 0.07623318385650224 0.42857142857142855
0 0.4887892376681614 0.5714285714285714 0.0717488789237668 0.41269841269841273
0 0.5739910313901345 0.5714285714285714 0.0717488789237668 0.41269841269841273
0 0.6547085201793722 0.5634920634920635 0.0717488789237668 0.3968253968253968
0 0.7376681614349776 0.5476190476190477 0.06726457399103136 0.39682539682539686
0 0.8183856502242153 0.5317460317460317 0.04932735426008972 0.3968253968253968
0 0.8901345291479821 0.5 0.06726457399103136 0.3968253968253968
