0 0.11004784688995214 0.4779411764705882 0.06698564593301436 0.4264705882352941
0 0.17464114832535885 0.47058823529411764 0.062200956937799035 0.411764705882353
0 0.26555023923444976 0.4852941176470588 0.062200956937799035 0.4117647058823529
0 0.33253588516746413 0.49264705882352944 0.062200956937799035 0.42647058823529416
0 0.40669856459330145 0.4852941176470588 0.057416267942583754 0.4117647058823529
0 0.562200956937799 0.49264705882352944 0.062200956937799035 0.42647058823529416
0 0.4784688995215311 0.49264705882352944 0.06698564593301437 0.42647058823529416
0 0.6363636363636365 0.4852941176470589 0.06698564593301437 0.44117647058823534
0 0.8110047846889952 0.49264705882352944 0.0717703349282296 0.42647058823529416
0 0.7296650717703349 0.5 0.0717703349282297 0.4411764705882353
