0 0.15328467153284672 0.5204918032786885 0.08029197080291972 0.3032786885245901
0 0.2408759124087591 0.5081967213114754 0.0802919708029197 0.2950819672131147
0 0.33394160583941607 0.5 0.06934306569343063 0.2950819672131148
0 0.41058394160583944 0.4918032786885246 0.07664233576642338 0.2950819672131148
0 0.5018248175182481 0.4877049180327869 0.07664233576642338 0.3032786885245902
0 0.5875912408759124 0.47540983606557374 0.07299270072992692 0.2950819672131148
0 0.6788321167883211 0.4672131147540984 0.07299270072992703 0.29508196721311475
0 0.7518248175182483 0.46311475409836067 0.07299270072992703 0.30327868852459017
0 0.8248175182481752 0.45491803278688525 0.06569343065693434 0.28688524590163933
0 0.8996350364963503 0.45081967213114754 0.062043795620437936 0.29508196721311475
