0 0.15441176470588236 0.4825581395348837 0.07352941176470587 0.26744186046511625
0 0.3235294117647059 0.4883720930232558 0.06862745098039214 0.27906976744186046
0 0.23529411764705882 0.4825581395348837 0.06862745098039214 0.26744186046511625
0 0.39215686274509803 0.4883720930232558 0.06862745098039214 0.2558139534883721
0 0.48039215686274506 0.4883720930232558 0.06862745098039208 0.27906976744186046
0 0.5588235294117647 0.4883720930232558 0.06862745098039214 0.27906976744186046
0 0.6519607843137255 0.4941860465116279 0.06862745098039214 0.2674418604651163
0 0.7181372549019608 0.4941860465116279 0.06372549019607843 0.2674418604651163
0 0.7892156862745098 0.4941860465116279 0.05882352941176472 0.2441860465116279
0 0.8627450980392157 0.5 0.06862745098039214 0.2790697674418605
