0 0.15051020408163265 0.4487179487179487 0.07653061224489795 0.30769230769230765
0 0.22448979591836735 0.4423076923076923 0.07142857142857145 0.3205128205128205
0 0.31887755102040816 0.4487179487179487 0.04591836734693877 0.30769230769230765
0 0.3928571428571429 0.4487179487179487 0.06122448979591838 0.30769230769230765
0 0.47959183673469385 0.4358974358974359 0.0714285714285714 0.3076923076923077
0 0.5586734693877551 0.4423076923076923 0.07653061224489799 0.3205128205128205
0 0.6454081632653061 0.4487179487179487 0.06632653061224492 0.30769230769230765
0 0.721938775510204 0.4423076923076923 0.0663265306122448 0.2948717948717949
0 0.8775510204081634 0.4551282051282051 0.061224489795918324 0.2948717948717948
0 0.798469387755102 0.4487179487179487 0.06632653061224492 0.30769230769230765
