0 0.11951219512195123 0.5984848484848485 0.10243902439024391 0.3181818181818182
0 0.21951219512195125 0.5757575757575758 0.0975609756097561 0.3333333333333333
0 0.3317073170731707 0.553030303030303 0.06829268292682927 0.3484848484848485
0 0.40731707317073174 0.5303030303030303 0.0829268292682927 0.303030303030303
0 0.5048780487804878 0.5151515151515151 0.0829268292682927 0.303030303030303
0 0.5853658536585367 0.5075757575757576 0.08780487804878045 0.3181818181818181
0 0.6560975609756097 0.49242424242424243 0.06341463414634141 0.3181818181818182
0 0.7560975609756098 0.4772727272727273 0.06829268292682933 0.3181818181818182
0 0.8195121951219513 0.46212121212121215 0.06829268292682922 0.3181818181818182
0 0.8829268292682927 0.446969696969697 0.06829268292682933 0.3181818181818182
