0 0.175 0.5478723404255319 0.057142857142857134 0.26595744680851063
0 0.24821428571428572 0.5425531914893618 0.06785714285714287 0.25531914893617025
0 0.3410714285714286 0.5478723404255319 0.0535714285714286 0.28723404255319157
0 0.39464285714285713 0.5585106382978724 0.06071428571428572 0.2659574468085107
0 0.4892857142857143 0.5585106382978724 0.06428571428571433 0.2659574468085107
0 0.5642857142857143 0.5691489361702128 0.08571428571428563 0.26595744680851063
0 0.6625000000000001 0.5797872340425532 0.025000000000000022 0.26595744680851063
0 0.7 0.5691489361702128 0.0357142857142857 0.28723404255319146
0 0.7482142857142857 0.5797872340425532 0.046428571428571486 0.26595744680851063
0 0.8035714285714286 0.5797872340425532 0.05714285714285716 0.30851063829787234
