0 0.0825 0.595890410958904 0.095 0.4794520547945206
0 0.185 0.5753424657534246 0.09 0.4931506849315068
0 0.2975 0.5616438356164384 0.08500000000000002 0.4931506849315069
0 0.39 0.5410958904109588 0.09000000000000002 0.4520547945205479
0 0.495 0.5205479452054794 0.07 0.4657534246575343
0 0.6925 0.48630136986301364 0.07499999999999996 0.4520547945205479
0 0.5800000000000001 0.5136986301369862 0.07999999999999996 0.4520547945205479
0 0.775 0.4726027397260274 0.07000000000000006 0.4246575342465753
0 0.85 0.45890410958904104 0.07000000000000006 0.4520547945205479
0 0.9175 0.4452054794520548 0.06499999999999995 0.4246575342465753
