0 0.15819209039548024 0.5526315789473684 0.09039548022598871 0.3684210526315789
0 0.2344632768361582 0.5526315789473684 0.07344632768361581 0.3684210526315789
0 0.3135593220338983 0.5614035087719298 0.062146892655367214 0.3859649122807018
0 0.3757062146892655 0.5526315789473684 0.07344632768361581 0.3684210526315789
0 0.4689265536723164 0.5526315789473684 0.09039548022598876 0.3684210526315789
0 0.5536723163841808 0.5526315789473684 0.07909604519774005 0.3684210526315789
0 0.615819209039548 0.5526315789473684 0.05649717514124286 0.3684210526315789
0 0.6807909604519774 0.5614035087719298 0.0847457627118644 0.3859649122807018
0 0.7627118644067796 0.5614035087719298 0.07909604519774016 0.3859649122807018
0 0.8361581920903955 0.5614035087719298 0.09039548022598864 0.3859649122807018
