0 0.1016949152542373 0.48 0.0847457627118644 0.32
0 0.1864406779661017 0.49 0.0847457627118644 0.34
0 0.2838983050847458 0.49 0.07627118644067793 0.34
0 0.3601694915254237 0.5 0.07627118644067798 0.32
0 0.4576271186440678 0.5 0.0847457627118644 0.32
0 0.538135593220339 0.49 0.09322033898305082 0.34
0 0.6440677966101696 0.51 0.06779661016949146 0.34
0 0.711864406779661 0.51 0.06779661016949157 0.30000000000000004
0 0.7838983050847458 0.51 0.07627118644067798 0.34
0 0.8516949152542372 0.53 0.05932203389830504 0.33999999999999997
