0 0.1746031746031746 0.5267857142857143 0.07936507936507936 0.26785714285714285
0 0.23809523809523808 0.5267857142857143 0.06349206349206349 0.2321428571428572
0 0.3253968253968254 0.5446428571428572 0.06349206349206349 0.2678571428571429
0 0.39285714285714285 0.5446428571428571 0.0714285714285714 0.23214285714285715
0 0.46825396825396826 0.5535714285714286 0.06349206349206349 0.21428571428571425
0 0.5277777777777778 0.5535714285714286 0.07142857142857145 0.25000000000000006
0 0.6111111111111112 0.5625 0.06349206349206349 0.23214285714285715
0 0.6666666666666666 0.5714285714285714 0.06349206349206349 0.24999999999999994
0 0.7222222222222222 0.5803571428571428 0.06349206349206349 0.2321428571428571
0 0.7777777777777778 0.5803571428571428 0.06349206349206349 0.2321428571428571
