0 0.11490683229813664 0.5227272727272727 0.09316770186335403 0.3181818181818181
0 0.19875776397515527 0.5303030303030303 0.08695652173913046 0.33333333333333337
0 0.28260869565217395 0.5151515151515151 0.08074534161490682 0.303030303030303
0 0.36024844720496896 0.5151515151515151 0.08695652173913043 0.33333333333333326
0 0.47515527950310554 0.5075757575757576 0.08074534161490682 0.34848484848484845
0 0.5496894409937888 0.49242424242424243 0.08074534161490687 0.3181818181818182
0 0.639751552795031 0.49242424242424243 0.08695652173913038 0.3181818181818182
0 0.717391304347826 0.48484848484848486 0.08074534161490687 0.3333333333333333
0 0.8012422360248448 0.48484848484848486 0.08695652173913049 0.3333333333333333
0 0.8850931677018634 0.4772727272727273 0.08074534161490676 0.3181818181818182
