0 0.13114754098360656 0.5352112676056338 0.08743169398907104 0.33802816901408445
0 0.21311475409836067 0.5352112676056338 0.08743169398907105 0.30985915492957744
0 0.31693989071038253 0.528169014084507 0.07650273224043719 0.29577464788732394
0 0.38524590163934425 0.5422535211267605 0.07103825136612024 0.29577464788732394
0 0.4808743169398907 0.5352112676056338 0.07650273224043719 0.30985915492957744
0 0.5519125683060109 0.528169014084507 0.07650273224043713 0.29577464788732394
0 0.6530054644808743 0.5422535211267605 0.060109289617486295 0.29577464788732394
0 0.7158469945355191 0.5352112676056338 0.06557377049180335 0.28169014084507044
0 0.7814207650273224 0.5352112676056338 0.06557377049180324 0.28169014084507044
0 0.8469945355191257 0.5422535211267605 0.07650273224043713 0.29577464788732394
