0 0.17955801104972374 0.564516129032258 0.08287292817679556 0.32258064516129037
0 0.27071823204419887 0.564516129032258 0.07734806629834254 0.32258064516129037
0 0.3591160220994475 0.564516129032258 0.06629834254143646 0.32258064516129037
0 0.43922651933701656 0.564516129032258 0.09392265193370164 0.32258064516129037
0 0.5359116022099447 0.5806451612903226 0.07734806629834251 0.3225806451612903
0 0.6104972375690607 0.5725806451612903 0.07182320441988954 0.33870967741935487
0 0.6878453038674033 0.5725806451612904 0.06077348066298349 0.3064516129032258
0 0.7486187845303868 0.5725806451612904 0.06077348066298338 0.3064516129032258
0 0.8093922651933702 0.5725806451612904 0.06077348066298338 0.3064516129032258
0 0.8674033149171271 0.5725806451612904 0.06629834254143652 0.3064516129032258
