0 0.16666666666666669 0.5096153846153846 0.08843537414965988 0.326923076923077
0 0.25170068027210885 0.5096153846153846 0.06802721088435373 0.326923076923077
0 0.3299319727891157 0.5096153846153846 0.07482993197278914 0.2884615384615385
0 0.4013605442176871 0.5 0.0680272108843537 0.3076923076923077
0 0.47959183673469385 0.5 0.06122448979591838 0.3076923076923077
0 0.5510204081632653 0.5 0.0680272108843537 0.3076923076923077
0 0.6258503401360545 0.4807692307692307 0.05442176870748294 0.30769230769230765
0 0.6972789115646258 0.47115384615384615 0.061224489795918435 0.32692307692307687
0 0.772108843537415 0.4519230769230769 0.061224489795918324 0.326923076923077
0 0.8401360544217686 0.4423076923076923 0.04761904761904756 0.3461538461538462
