0 0.11538461538461539 0.4814814814814815 0.07692307692307693 0.40740740740740744
0 0.19943019943019943 0.4814814814814815 0.07407407407407407 0.40740740740740744
0 0.2934472934472935 0.4675925925925926 0.05698005698005698 0.43518518518518523
0 0.3717948717948718 0.46759259259259256 0.06552706552706555 0.4166666666666667
0 0.4572649572649573 0.46759259259259256 0.07122507122507121 0.4166666666666667
0 0.537037037037037 0.4583333333333333 0.06552706552706555 0.41666666666666663
0 0.6253561253561253 0.4444444444444444 0.06552706552706555 0.38888888888888884
0 0.7051282051282051 0.44907407407407407 0.07122507122507116 0.41666666666666674
0 0.7792022792022792 0.4444444444444444 0.06552706552706555 0.40740740740740744
0 0.8618233618233618 0.43981481481481477 0.042735042735042805 0.39814814814814814
